0.000000	-0.000000
0.001000	-0.000000
0.002000	-0.000000
0.003000	-0.000000
0.004000	-0.000000
0.005000	-0.000000
0.006000	-0.000000
0.007000	-0.000000
0.008000	-0.000000
0.009000	-0.000000
0.010000	-0.000000
0.011000	-0.000000
0.012000	-0.000001
0.013000	-0.000001
0.014000	-0.000002
0.015000	-0.000003
0.016000	-0.000004
0.017000	-0.000006
0.018000	-0.000009
0.019000	-0.000014
0.020000	-0.000021
0.021000	-0.000032
0.022000	-0.000046
0.023000	-0.000067
0.024000	-0.000097
0.025000	-0.000139
0.026000	-0.000196
0.027000	-0.000276
0.028000	-0.000384
0.029000	-0.000529
0.030000	-0.000723
0.031000	-0.000980
0.032000	-0.001315
0.033000	-0.001749
0.034000	-0.002304
0.035000	-0.003007
0.036000	-0.003888
0.037000	-0.004978
0.038000	-0.006313
0.039000	-0.007927
0.040000	-0.009855
0.041000	-0.012129
0.042000	-0.014775
0.043000	-0.017809
0.044000	-0.021237
0.045000	-0.025047
0.046000	-0.029208
0.047000	-0.033665
0.048000	-0.038336
0.049000	-0.043108
0.050000	-0.047838
0.051000	-0.052353
0.052000	-0.056450
0.053000	-0.059903
0.054000	-0.062468
0.055000	-0.063895
0.056000	-0.063934
0.057000	-0.062355
0.058000	-0.058956
0.059000	-0.053583
0.060000	-0.046143
0.061000	-0.036616
0.062000	-0.025067
0.063000	-0.011652
0.064000	0.003379
0.065000	0.019685
0.066000	0.036842
0.067000	0.054356
0.068000	0.071682
0.069000	0.088248
0.070000	0.103480
0.071000	0.116830
0.072000	0.127803
0.073000	0.135984
0.074000	0.141059
0.075000	0.142829
0.076000	0.141227
0.077000	0.136317
0.078000	0.128293
0.079000	0.117465
0.080000	0.104246
0.081000	0.089128
0.082000	0.072658
0.083000	0.055407
0.084000	0.037948
0.085000	0.020825
0.086000	0.004533
0.087000	-0.010502
0.088000	-0.023939
0.089000	-0.035524
0.090000	-0.045099
0.091000	-0.052597
0.092000	-0.058036
0.093000	-0.061506
0.094000	-0.063161
0.095000	-0.063197
0.096000	-0.061845
0.097000	-0.059351
0.098000	-0.055967
0.099000	-0.051934
0.100000	-0.047479
0.101000	-0.042802
0.102000	-0.038078
0.103000	-0.033450
0.104000	-0.029030
0.105000	-0.024901
0.106000	-0.021118
0.107000	-0.017714
0.108000	-0.014699
0.109000	-0.012069
0.110000	-0.009808
0.111000	-0.007891
0.112000	-0.006285
0.113000	-0.004957
0.114000	-0.003871
0.115000	-0.002995
0.116000	-0.002295
0.117000	-0.001742
0.118000	-0.001310
0.119000	-0.000977
0.120000	-0.000721
0.121000	-0.000528
0.122000	-0.000383
0.123000	-0.000275
0.124000	-0.000196
0.125000	-0.000138
0.126000	-0.000097
0.127000	-0.000067
0.128000	-0.000046
0.129000	-0.000032
0.130000	-0.000021
0.131000	-0.000014
0.132000	-0.000010
0.133000	-0.000006
0.134000	-0.000004
0.135000	-0.000003
0.136000	-0.000002
0.137000	-0.000001
0.138000	-0.000001
0.139000	-0.000001
0.140000	-0.000001
0.141000	-0.000000
0.142000	-0.000000
0.143000	-0.000000
0.144000	-0.000000
0.145000	-0.000000
0.146000	-0.000000
0.147000	-0.000000
0.148000	-0.000000
0.149000	-0.000000
0.150000	-0.000000
0.151000	-0.000000
0.152000	-0.000000
0.153000	-0.000000
0.154000	-0.000000
0.155000	-0.000000
0.156000	0.000000
0.157000	0.000000
0.158000	0.000000
0.159000	0.000000
0.160000	0.000000
0.161000	0.000000
0.162000	0.000000
0.163000	0.000000
0.164000	0.000000
0.165000	0.000000
0.166000	-0.000000
0.167000	-0.000000
0.168000	-0.000000
0.169000	-0.000000
0.170000	-0.000000
0.171000	-0.000000
0.172000	-0.000000
0.173000	-0.000000
0.174000	-0.000000
0.175000	-0.000000
0.176000	-0.000000
0.177000	-0.000000
0.178000	-0.000000
0.179000	-0.000000
0.180000	-0.000000
0.181000	-0.000000
0.182000	-0.000000
0.183000	-0.000000
0.184000	-0.000000
0.185000	-0.000000
0.186000	-0.000000
0.187000	-0.000000
0.188000	-0.000000
0.189000	-0.000000
0.190000	-0.000000
0.191000	-0.000000
0.192000	-0.000000
0.193000	-0.000000
0.194000	-0.000000
0.195000	-0.000000
0.196000	-0.000000
0.197000	-0.000000
0.198000	-0.000000
0.199000	-0.000000
0.200000	-0.000000
0.201000	-0.000000
0.202000	-0.000000
0.203000	-0.000000
0.204000	-0.000000
0.205000	-0.000000
0.206000	-0.000000
0.207000	-0.000000
0.208000	-0.000000
0.209000	-0.000000
0.210000	-0.000000
0.211000	-0.000000
0.212000	-0.000000
0.213000	-0.000000
0.214000	-0.000000
0.215000	-0.000000
0.216000	-0.000000
0.217000	-0.000000
0.218000	-0.000000
0.219000	-0.000000
0.220000	-0.000000
0.221000	-0.000000
0.222000	-0.000000
0.223000	-0.000000
0.224000	-0.000000
0.225000	-0.000000
0.226000	-0.000000
0.227000	-0.000000
0.228000	-0.000000
0.229000	-0.000000
0.230000	-0.000000
0.231000	-0.000000
0.232000	-0.000000
0.233000	-0.000000
0.234000	-0.000000
0.235000	-0.000000
0.236000	-0.000000
0.237000	-0.000000
0.238000	-0.000000
0.239000	-0.000000
0.240000	-0.000000
0.241000	-0.000000
0.242000	-0.000000
0.243000	-0.000000
0.244000	-0.000000
0.245000	-0.000000
0.246000	-0.000000
0.247000	-0.000000
0.248000	-0.000000
0.249000	-0.000000
0.250000	-0.000000
0.251000	-0.000000
0.252000	-0.000000
0.253000	-0.000000
0.254000	-0.000000
0.255000	-0.000000
0.256000	-0.000000
0.257000	-0.000000
0.258000	-0.000000
0.259000	-0.000000
0.260000	-0.000000
0.261000	-0.000000
0.262000	-0.000000
0.263000	-0.000000
0.264000	-0.000000
0.265000	-0.000000
0.266000	-0.000000
0.267000	-0.000000
0.268000	-0.000000
0.269000	-0.000000
0.270000	-0.000000
0.271000	-0.000000
0.272000	-0.000000
0.273000	-0.000000
0.274000	-0.000000
0.275000	-0.000000
0.276000	-0.000000
0.277000	-0.000000
0.278000	-0.000000
0.279000	-0.000000
0.280000	-0.000000
0.281000	-0.000000
0.282000	-0.000000
0.283000	-0.000000
0.284000	-0.000000
0.285000	-0.000000
0.286000	-0.000000
0.287000	-0.000000
0.288000	0.000000
0.289000	0.000000
0.290000	0.000000
0.291000	0.000000
0.292000	0.000000
0.293000	0.000000
0.294000	0.000001
0.295000	0.000001
0.296000	0.000001
0.297000	0.000001
0.298000	0.000002
0.299000	0.000002
0.300000	0.000002
0.301000	0.000003
0.302000	0.000003
0.303000	0.000004
0.304000	0.000005
0.305000	0.000005
0.306000	0.000006
0.307000	0.000006
0.308000	0.000007
0.309000	0.000008
0.310000	0.000008
0.311000	0.000009
0.312000	0.000009
0.313000	0.000010
0.314000	0.000010
0.315000	0.000010
0.316000	0.000010
0.317000	0.000010
0.318000	0.000009
0.319000	0.000009
0.320000	0.000008
0.321000	0.000007
0.322000	0.000006
0.323000	0.000005
0.324000	0.000004
0.325000	0.000003
0.326000	0.000001
0.327000	-0.000000
0.328000	-0.000001
0.329000	-0.000003
0.330000	-0.000004
0.331000	-0.000005
0.332000	-0.000006
0.333000	-0.000007
0.334000	-0.000007
0.335000	-0.000008
0.336000	-0.000008
0.337000	-0.000008
0.338000	-0.000008
0.339000	-0.000008
0.340000	-0.000008
0.341000	-0.000008
0.342000	-0.000007
0.343000	-0.000007
0.344000	-0.000006
0.345000	-0.000006
0.346000	-0.000005
0.347000	-0.000005
0.348000	-0.000004
0.349000	-0.000004
0.350000	-0.000003
0.351000	-0.000003
0.352000	-0.000002
0.353000	-0.000002
0.354000	-0.000002
0.355000	-0.000002
0.356000	-0.000001
0.357000	-0.000001
0.358000	-0.000001
0.359000	-0.000001
0.360000	-0.000001
0.361000	-0.000001
0.362000	-0.000000
0.363000	-0.000000
0.364000	-0.000000
0.365000	-0.000000
0.366000	-0.000000
0.367000	-0.000000
0.368000	-0.000000
0.369000	-0.000000
0.370000	-0.000000
0.371000	-0.000000
0.372000	-0.000000
0.373000	-0.000000
0.374000	-0.000000
0.375000	-0.000000
0.376000	-0.000000
0.377000	-0.000000
0.378000	-0.000000
0.379000	-0.000000
0.380000	-0.000000
0.381000	-0.000000
0.382000	-0.000000
0.383000	-0.000000
0.384000	-0.000000
0.385000	-0.000000
0.386000	-0.000000
0.387000	-0.000000
0.388000	-0.000000
0.389000	-0.000000
0.390000	-0.000000
0.391000	-0.000000
0.392000	-0.000000
0.393000	-0.000000
0.394000	-0.000000
0.395000	-0.000000
0.396000	-0.000000
0.397000	-0.000000
0.398000	-0.000000
0.399000	-0.000000
0.400000	-0.000000
0.401000	-0.000000
0.402000	-0.000000
0.403000	-0.000000
0.404000	-0.000000
0.405000	-0.000000
0.406000	-0.000000
0.407000	-0.000000
0.408000	-0.000000
0.409000	-0.000000
0.410000	-0.000000
0.411000	-0.000000
0.412000	-0.000000
0.413000	-0.000000
0.414000	-0.000000
0.415000	-0.000000
0.416000	-0.000000
0.417000	-0.000000
0.418000	-0.000000
0.419000	-0.000000
0.420000	-0.000000
0.421000	-0.000000
0.422000	-0.000000
0.423000	-0.000000
0.424000	-0.000000
0.425000	-0.000000
0.426000	-0.000000
0.427000	-0.000000
0.428000	-0.000000
0.429000	-0.000000
0.430000	-0.000000
0.431000	-0.000000
0.432000	-0.000000
0.433000	-0.000000
0.434000	-0.000000
0.435000	-0.000000
0.436000	-0.000000
0.437000	-0.000000
0.438000	-0.000000
0.439000	-0.000000
0.440000	-0.000000
0.441000	-0.000000
0.442000	-0.000000
0.443000	-0.000000
0.444000	-0.000000
0.445000	-0.000000
0.446000	-0.000000
0.447000	-0.000000
0.448000	-0.000000
0.449000	-0.000000
0.450000	-0.000000
0.451000	-0.000000
0.452000	-0.000000
0.453000	-0.000000
0.454000	-0.000000
0.455000	-0.000000
0.456000	-0.000000
0.457000	-0.000000
0.458000	-0.000000
0.459000	-0.000000
0.460000	-0.000000
0.461000	-0.000000
0.462000	-0.000000
0.463000	-0.000000
0.464000	-0.000000
0.465000	-0.000000
0.466000	-0.000000
0.467000	-0.000000
0.468000	-0.000000
0.469000	-0.000000
0.470000	-0.000000
0.471000	-0.000000
0.472000	-0.000000
0.473000	-0.000000
0.474000	-0.000000
0.475000	-0.000000
0.476000	-0.000000
0.477000	-0.000000
0.478000	-0.000000
0.479000	-0.000000
0.480000	-0.000000
0.481000	-0.000000
0.482000	-0.000000
0.483000	-0.000000
0.484000	-0.000000
0.485000	-0.000000
0.486000	-0.000000
0.487000	-0.000000
0.488000	-0.000000
0.489000	-0.000000
0.490000	-0.000000
0.491000	-0.000000
0.492000	-0.000000
0.493000	-0.000000
0.494000	-0.000000
0.495000	-0.000000
0.496000	-0.000000
0.497000	-0.000000
0.498000	-0.000000
0.499000	-0.000000
0.500000	-0.000000
0.501000	-0.000000
0.502000	-0.000000
0.503000	-0.000000
0.504000	-0.000000
0.505000	-0.000000
0.506000	-0.000000
0.507000	-0.000000
0.508000	-0.000000
0.509000	-0.000000
0.510000	-0.000000
0.511000	-0.000000
0.512000	-0.000000
0.513000	-0.000000
0.514000	-0.000000
0.515000	-0.000000
0.516000	-0.000000
0.517000	-0.000000
0.518000	-0.000000
0.519000	-0.000000
0.520000	-0.000000
0.521000	-0.000000
0.522000	-0.000000
0.523000	-0.000000
0.524000	-0.000000
0.525000	-0.000000
0.526000	0.000000
0.527000	0.000000
0.528000	0.000000
0.529000	0.000001
0.530000	0.000001
0.531000	0.000001
0.532000	0.000002
0.533000	0.000003
0.534000	0.000004
0.535000	0.000005
0.536000	0.000007
0.537000	0.000009
0.538000	0.000012
0.539000	0.000016
0.540000	0.000020
0.541000	0.000026
0.542000	0.000033
0.543000	0.000041
0.544000	0.000050
0.545000	0.000062
0.546000	0.000075
0.547000	0.000090
0.548000	0.000107
0.549000	0.000126
0.550000	0.000148
0.551000	0.000171
0.552000	0.000196
0.553000	0.000222
0.554000	0.000250
0.555000	0.000278
0.556000	0.000306
0.557000	0.000333
0.558000	0.000358
0.559000	0.000381
0.560000	0.000400
0.561000	0.000415
0.562000	0.000425
0.563000	0.000429
0.564000	0.000426
0.565000	0.000415
0.566000	0.000397
0.567000	0.000371
0.568000	0.000338
0.569000	0.000297
0.570000	0.000250
0.571000	0.000197
0.572000	0.000140
0.573000	0.000079
0.574000	0.000016
0.575000	-0.000047
0.576000	-0.000109
0.577000	-0.000169
0.578000	-0.000225
0.579000	-0.000275
0.580000	-0.000320
0.581000	-0.000358
0.582000	-0.000388
0.583000	-0.000411
0.584000	-0.000426
0.585000	-0.000433
0.586000	-0.000434
0.587000	-0.000427
0.588000	-0.000415
0.589000	-0.000398
0.590000	-0.000377
0.591000	-0.000353
0.592000	-0.000327
0.593000	-0.000299
0.594000	-0.000270
0.595000	-0.000242
0.596000	-0.000215
0.597000	-0.000188
0.598000	-0.000164
0.599000	-0.000141
0.600000	-0.000120
0.601000	-0.000102
0.602000	-0.000085
0.603000	-0.000070
0.604000	-0.000058
0.605000	-0.000047
0.606000	-0.000038
0.607000	-0.000030
0.608000	-0.000024
0.609000	-0.000019
0.610000	-0.000015
0.611000	-0.000011
0.612000	-0.000009
0.613000	-0.000007
0.614000	-0.000005
0.615000	-0.000004
0.616000	-0.000003
0.617000	-0.000002
0.618000	-0.000001
0.619000	-0.000001
0.620000	-0.000001
0.621000	-0.000001
0.622000	-0.000000
0.623000	-0.000000
0.624000	-0.000000
0.625000	-0.000000
0.626000	-0.000000
0.627000	-0.000000
0.628000	-0.000000
0.629000	-0.000000
0.630000	-0.000000
0.631000	-0.000000
0.632000	-0.000000
0.633000	-0.000000
0.634000	-0.000000
0.635000	-0.000000
0.636000	-0.000000
0.637000	-0.000000
0.638000	-0.000000
0.639000	-0.000000
0.640000	-0.000000
0.641000	-0.000000
0.642000	-0.000000
0.643000	-0.000000
0.644000	-0.000000
0.645000	-0.000000
0.646000	-0.000000
0.647000	-0.000000
0.648000	-0.000000
0.649000	0.000000
0.650000	0.000000
0.651000	0.000000
0.652000	0.000000
0.653000	0.000000
0.654000	0.000000
0.655000	0.000000
0.656000	0.000000
0.657000	0.000000
0.658000	0.000000
0.659000	0.000000
0.660000	0.000000
0.661000	0.000000
0.662000	0.000000
0.663000	0.000000
0.664000	0.000000
0.665000	0.000000
0.666000	0.000000
0.667000	0.000000
0.668000	0.000000
0.669000	0.000000
0.670000	0.000000
0.671000	0.000000
0.672000	0.000000
0.673000	0.000000
0.674000	0.000000
0.675000	0.000000
0.676000	0.000000
0.677000	0.000000
0.678000	0.000000
0.679000	0.000000
0.680000	0.000000
0.681000	0.000000
0.682000	0.000000
0.683000	0.000000
0.684000	0.000000
0.685000	0.000000
0.686000	0.000000
0.687000	0.000000
0.688000	0.000000
0.689000	0.000000
0.690000	0.000000
0.691000	0.000000
0.692000	0.000000
0.693000	0.000000
0.694000	0.000000
0.695000	0.000000
0.696000	0.000000
0.697000	0.000000
0.698000	0.000000
0.699000	0.000000
0.700000	0.000000
0.701000	0.000000
0.702000	0.000000
0.703000	0.000000
0.704000	0.000000
0.705000	0.000000
0.706000	0.000000
0.707000	0.000000
0.708000	0.000000
0.709000	0.000000
0.710000	0.000000
0.711000	0.000000
0.712000	0.000000
0.713000	0.000000
0.714000	0.000000
0.715000	0.000000
0.716000	0.000000
0.717000	0.000000
0.718000	0.000000
0.719000	0.000000
0.720000	0.000000
0.721000	0.000000
0.722000	0.000000
0.723000	0.000000
0.724000	0.000000
0.725000	0.000000
0.726000	0.000000
0.727000	0.000000
0.728000	0.000000
0.729000	0.000000
0.730000	0.000000
0.731000	0.000000
0.732000	0.000000
0.733000	0.000000
0.734000	0.000000
0.735000	0.000000
0.736000	0.000000
0.737000	0.000000
0.738000	0.000000
0.739000	0.000000
0.740000	0.000000
0.741000	0.000000
0.742000	0.000000
0.743000	0.000000
0.744000	0.000000
0.745000	0.000000
0.746000	0.000000
0.747000	0.000000
0.748000	0.000000
0.749000	0.000000
0.750000	0.000000
0.751000	0.000000
0.752000	0.000000
0.753000	0.000000
0.754000	0.000000
0.755000	0.000000
0.756000	0.000000
0.757000	0.000000
0.758000	0.000000
0.759000	0.000000
0.760000	0.000000
0.761000	0.000000
0.762000	0.000000
0.763000	0.000000
0.764000	0.000000
0.765000	0.000000
0.766000	0.000000
0.767000	0.000000
0.768000	0.000000
0.769000	0.000000
0.770000	0.000000
0.771000	0.000000
0.772000	0.000000
0.773000	0.000000
0.774000	0.000000
0.775000	0.000000
0.776000	0.000000
0.777000	0.000000
0.778000	0.000000
0.779000	0.000000
0.780000	0.000000
0.781000	0.000000
0.782000	0.000000
0.783000	0.000000
0.784000	0.000000
0.785000	0.000000
0.786000	0.000000
0.787000	0.000000
0.788000	0.000000
0.789000	0.000000
0.790000	0.000000
0.791000	0.000000
0.792000	0.000000
0.793000	0.000000
0.794000	0.000000
0.795000	0.000000
0.796000	0.000000
0.797000	0.000000
0.798000	0.000000
0.799000	0.000000
0.800000	0.000000
0.801000	0.000000
0.802000	0.000000
0.803000	0.000000
0.804000	0.000000
0.805000	0.000000
0.806000	0.000000
0.807000	0.000000
0.808000	0.000000
0.809000	0.000000
0.810000	0.000000
0.811000	0.000000
0.812000	0.000000
0.813000	0.000000
0.814000	0.000000
0.815000	0.000000
0.816000	0.000000
0.817000	0.000000
0.818000	0.000000
0.819000	0.000000
0.820000	0.000000
0.821000	0.000000
0.822000	0.000000
0.823000	0.000000
0.824000	0.000000
0.825000	0.000000
0.826000	0.000000
0.827000	0.000000
0.828000	0.000000
0.829000	0.000000
0.830000	0.000000
0.831000	0.000000
0.832000	0.000000
0.833000	0.000000
0.834000	0.000000
0.835000	0.000000
0.836000	0.000000
0.837000	0.000000
0.838000	0.000000
0.839000	0.000000
0.840000	0.000000
0.841000	0.000000
0.842000	0.000000
0.843000	0.000000
0.844000	0.000000
0.845000	0.000000
0.846000	0.000000
0.847000	0.000000
0.848000	0.000000
0.849000	0.000000
0.850000	0.000000
0.851000	0.000000
0.852000	0.000000
0.853000	0.000000
0.854000	0.000000
0.855000	0.000000
0.856000	0.000000
0.857000	0.000000
0.858000	0.000000
0.859000	0.000000
0.860000	0.000000
0.861000	0.000000
0.862000	0.000000
0.863000	0.000000
0.864000	0.000000
0.865000	0.000000
0.866000	0.000000
0.867000	0.000000
0.868000	0.000000
0.869000	0.000000
0.870000	0.000000
0.871000	0.000000
0.872000	0.000000
0.873000	0.000000
0.874000	0.000000
0.875000	0.000000
0.876000	0.000000
0.877000	0.000000
0.878000	0.000000
0.879000	0.000000
0.880000	0.000000
0.881000	0.000000
0.882000	0.000000
0.883000	0.000000
0.884000	0.000000
0.885000	0.000000
0.886000	0.000000
0.887000	0.000000
0.888000	0.000000
0.889000	0.000000
0.890000	0.000000
0.891000	0.000000
0.892000	0.000000
0.893000	0.000000
0.894000	0.000000
0.895000	0.000000
0.896000	0.000000
0.897000	0.000000
0.898000	0.000000
0.899000	0.000000
0.900000	0.000000
0.901000	0.000000
0.902000	0.000000
0.903000	0.000000
0.904000	0.000000
0.905000	0.000000
0.906000	0.000000
0.907000	0.000000
0.908000	0.000000
0.909000	0.000000
0.910000	0.000000
0.911000	0.000000
0.912000	0.000000
0.913000	0.000000
0.914000	0.000000
0.915000	0.000000
0.916000	0.000000
0.917000	0.000000
0.918000	0.000000
0.919000	0.000000
0.920000	0.000000
0.921000	0.000000
0.922000	0.000000
0.923000	0.000000
0.924000	0.000000
0.925000	0.000000
0.926000	0.000000
0.927000	0.000000
0.928000	0.000000
0.929000	0.000000
0.930000	0.000000
0.931000	0.000000
0.932000	0.000000
0.933000	0.000000
0.934000	0.000000
0.935000	0.000000
0.936000	0.000000
0.937000	0.000000
0.938000	0.000000
0.939000	0.000000
0.940000	0.000000
0.941000	0.000000
0.942000	0.000000
0.943000	0.000000
0.944000	0.000000
0.945000	0.000000
0.946000	0.000000
0.947000	0.000000
0.948000	0.000000
0.949000	0.000000
0.950000	0.000000
0.951000	0.000000
0.952000	0.000000
0.953000	0.000000
0.954000	0.000000
0.955000	0.000000
0.956000	0.000000
0.957000	0.000000
0.958000	0.000000
0.959000	0.000000
0.960000	0.000000
0.961000	0.000000
0.962000	0.000000
0.963000	0.000000
0.964000	0.000000
0.965000	0.000000
0.966000	0.000000
0.967000	0.000000
0.968000	0.000000
0.969000	0.000000
0.970000	0.000000
0.971000	0.000000
0.972000	0.000000
0.973000	0.000000
0.974000	0.000000
0.975000	0.000000
0.976000	0.000000
0.977000	0.000000
0.978000	0.000000
0.979000	0.000000
0.980000	0.000000
0.981000	0.000000
0.982000	0.000000
0.983000	0.000000
0.984000	0.000000
0.985000	0.000000
0.986000	0.000000
0.987000	0.000000
0.988000	0.000000
0.989000	0.000000
0.990000	0.000000
0.991000	0.000000
0.992000	0.000000
0.993000	0.000000
0.994000	0.000000
0.995000	0.000000
0.996000	0.000000
0.997000	0.000000
0.998000	0.000000
0.999000	0.000000
1.000000	0.000000
1.001000	0.000000
1.002000	0.000000
1.003000	0.000000
1.004000	0.000000
1.005000	0.000000
1.006000	0.000000
1.007000	0.000000
1.008000	0.000000
1.009000	0.000000
1.010000	0.000000
1.011000	0.000000
1.012000	0.000000
1.013000	0.000000
1.014000	0.000000
1.015000	0.000000
1.016000	0.000000
1.017000	0.000000
1.018000	0.000000
1.019000	0.000000
1.020000	0.000000
1.021000	0.000000
1.022000	0.000000
1.023000	0.000000
1.024000	0.000000
1.025000	0.000000
1.026000	0.000000
1.027000	0.000000
1.028000	0.000000
1.029000	0.000000
1.030000	0.000000
1.031000	0.000000
1.032000	0.000000
1.033000	0.000000
1.034000	0.000000
1.035000	0.000000
1.036000	0.000000
1.037000	0.000000
1.038000	0.000000
1.039000	0.000000
1.040000	0.000000
1.041000	0.000000
1.042000	0.000000
1.043000	0.000000
1.044000	0.000000
1.045000	0.000000
1.046000	0.000000
1.047000	0.000000
1.048000	0.000000
1.049000	0.000000
1.050000	0.000000
1.051000	0.000000
1.052000	0.000000
1.053000	0.000000
1.054000	0.000000
1.055000	0.000000
1.056000	0.000000
1.057000	0.000000
1.058000	0.000000
1.059000	0.000000
1.060000	0.000000
1.061000	0.000000
1.062000	0.000000
1.063000	0.000000
1.064000	0.000000
1.065000	0.000000
1.066000	0.000000
1.067000	0.000000
1.068000	0.000000
1.069000	0.000000
1.070000	0.000000
1.071000	0.000000
1.072000	0.000000
1.073000	0.000000
1.074000	0.000000
1.075000	0.000000
1.076000	0.000000
1.077000	0.000000
1.078000	0.000000
1.079000	0.000000
1.080000	0.000000
1.081000	0.000000
1.082000	0.000000
1.083000	0.000000
1.084000	0.000000
1.085000	0.000000
1.086000	0.000000
1.087000	0.000000
1.088000	0.000000
1.089000	0.000000
1.090000	0.000000
1.091000	0.000000
1.092000	0.000000
1.093000	0.000000
1.094000	0.000000
1.095000	0.000000
1.096000	0.000000
1.097000	0.000000
1.098000	0.000000
1.099000	0.000000
1.100000	0.000000
1.101000	0.000000
1.102000	0.000000
1.103000	0.000000
1.104000	0.000000
1.105000	0.000000
1.106000	0.000000
1.107000	0.000000
1.108000	0.000000
1.109000	0.000000
1.110000	0.000000
1.111000	0.000000
1.112000	0.000000
1.113000	0.000000
1.114000	0.000000
1.115000	0.000000
1.116000	0.000000
1.117000	0.000000
1.118000	0.000000
1.119000	0.000000
1.120000	0.000000
1.121000	0.000000
1.122000	0.000000
1.123000	0.000000
1.124000	0.000000
1.125000	0.000000
1.126000	0.000000
1.127000	0.000000
1.128000	0.000000
1.129000	0.000000
1.130000	0.000000
1.131000	0.000000
1.132000	0.000000
1.133000	0.000000
1.134000	0.000000
1.135000	0.000000
1.136000	0.000000
1.137000	0.000000
1.138000	0.000000
1.139000	0.000000
1.140000	0.000000
1.141000	0.000000
1.142000	0.000000
1.143000	0.000000
1.144000	0.000000
1.145000	0.000000
1.146000	0.000000
1.147000	0.000000
1.148000	0.000000
1.149000	0.000000
1.150000	0.000000
1.151000	0.000000
1.152000	0.000000
1.153000	0.000000
1.154000	0.000000
1.155000	0.000000
1.156000	0.000000
1.157000	0.000000
1.158000	0.000000
1.159000	0.000000
1.160000	0.000000
1.161000	0.000000
1.162000	0.000000
1.163000	0.000000
1.164000	0.000000
1.165000	0.000000
1.166000	0.000000
1.167000	0.000000
1.168000	0.000000
1.169000	0.000000
1.170000	0.000000
1.171000	0.000000
1.172000	0.000000
1.173000	0.000000
1.174000	0.000000
1.175000	0.000000
1.176000	0.000000
1.177000	0.000000
1.178000	0.000000
1.179000	0.000000
1.180000	0.000000
1.181000	0.000000
1.182000	0.000000
1.183000	0.000000
1.184000	0.000000
1.185000	0.000000
1.186000	0.000000
1.187000	0.000000
1.188000	0.000000
1.189000	0.000000
1.190000	0.000000
1.191000	0.000000
1.192000	0.000000
1.193000	0.000000
1.194000	0.000000
1.195000	0.000000
1.196000	0.000000
1.197000	0.000000
1.198000	0.000000
1.199000	0.000000
1.200000	0.000000
1.201000	0.000000
1.202000	0.000000
1.203000	0.000000
1.204000	0.000000
1.205000	0.000000
1.206000	0.000000
1.207000	0.000000
1.208000	0.000000
1.209000	0.000000
1.210000	0.000000
1.211000	0.000000
1.212000	0.000000
1.213000	0.000000
1.214000	0.000000
1.215000	0.000000
1.216000	0.000000
1.217000	0.000000
1.218000	0.000000
1.219000	0.000000
1.220000	0.000000
1.221000	0.000000
1.222000	0.000000
1.223000	0.000000
1.224000	0.000000
1.225000	0.000000
1.226000	0.000000
1.227000	0.000000
1.228000	0.000000
1.229000	0.000000
1.230000	0.000000
1.231000	0.000000
1.232000	0.000000
1.233000	0.000000
1.234000	0.000000
1.235000	0.000000
1.236000	0.000000
1.237000	0.000000
1.238000	0.000000
1.239000	0.000000
1.240000	0.000000
1.241000	0.000000
1.242000	0.000000
1.243000	0.000000
1.244000	0.000000
1.245000	0.000000
1.246000	0.000000
1.247000	0.000000
1.248000	0.000000
1.249000	0.000000
1.250000	-0.000000
1.251000	-0.000000
1.252000	-0.000000
1.253000	-0.000000
1.254000	-0.000000
1.255000	-0.000000
1.256000	-0.000000
1.257000	-0.000000
1.258000	-0.000000
1.259000	-0.000000
1.260000	-0.000000
1.261000	-0.000000
1.262000	-0.000000
1.263000	-0.000000
1.264000	-0.000000
1.265000	-0.000000
1.266000	-0.000001
1.267000	-0.000001
1.268000	-0.000001
1.269000	-0.000002
1.270000	-0.000003
1.271000	-0.000004
1.272000	-0.000006
1.273000	-0.000009
1.274000	-0.000014
1.275000	-0.000019
1.276000	-0.000028
1.277000	-0.000039
1.278000	-0.000055
1.279000	-0.000076
1.280000	-0.000104
1.281000	-0.000141
1.282000	-0.000190
1.283000	-0.000254
1.284000	-0.000336
1.285000	-0.000441
1.286000	-0.000572
1.287000	-0.000736
1.288000	-0.000938
1.289000	-0.001184
1.290000	-0.001479
1.291000	-0.001829
1.292000	-0.002240
1.293000	-0.002714
1.294000	-0.003254
1.295000	-0.003859
1.296000	-0.004526
1.297000	-0.005247
1.298000	-0.006012
1.299000	-0.006803
1.300000	-0.007600
1.301000	-0.008376
1.302000	-0.009099
1.303000	-0.009734
1.304000	-0.010240
1.305000	-0.010576
1.306000	-0.010700
1.307000	-0.010571
1.308000	-0.010153
1.309000	-0.009414
1.310000	-0.008335
1.311000	-0.006904
1.312000	-0.005125
1.313000	-0.003017
1.314000	-0.000614
1.315000	0.002036
1.316000	0.004868
1.317000	0.007803
1.318000	0.010755
1.319000	0.013628
1.320000	0.016326
1.321000	0.018752
1.322000	0.020819
1.323000	0.022447
1.324000	0.023576
1.325000	0.024159
1.326000	0.024175
1.327000	0.023622
1.328000	0.022521
1.329000	0.020915
1.330000	0.018865
1.331000	0.016448
1.332000	0.013751
1.333000	0.010870
1.334000	0.007902
1.335000	0.004944
1.336000	0.002084
1.337000	-0.000599
1.338000	-0.003040
1.339000	-0.005185
1.340000	-0.007001
1.341000	-0.008468
1.342000	-0.009579
1.343000	-0.010346
1.344000	-0.010787
1.345000	-0.010933
1.346000	-0.010820
1.347000	-0.010489
1.348000	-0.009983
1.349000	-0.009344
1.350000	-0.008612
1.351000	-0.007823
1.352000	-0.007012
1.353000	-0.006203
1.354000	-0.005421
1.355000	-0.004681
1.356000	-0.003996
1.357000	-0.003374
1.358000	-0.002817
1.359000	-0.002328
1.360000	-0.001903
1.361000	-0.001541
1.362000	-0.001234
1.363000	-0.000979
1.364000	-0.000769
1.365000	-0.000599
1.366000	-0.000462
1.367000	-0.000352
1.368000	-0.000267
1.369000	-0.000200
1.370000	-0.000148
1.371000	-0.000109
1.372000	-0.000080
1.373000	-0.000057
1.374000	-0.000041
1.375000	-0.000029
1.376000	-0.000020
1.377000	-0.000014
1.378000	-0.000010
1.379000	-0.000007
1.380000	-0.000005
1.381000	-0.000003
1.382000	-0.000002
1.383000	-0.000001
1.384000	-0.000001
1.385000	-0.000001
1.386000	-0.000000
1.387000	-0.000000
1.388000	-0.000000
1.389000	-0.000000
1.390000	-0.000000
1.391000	-0.000000
1.392000	-0.000000
1.393000	-0.000000
1.394000	-0.000000
1.395000	-0.000000
1.396000	-0.000000
1.397000	-0.000000
1.398000	-0.000000
1.399000	-0.000000
1.400000	-0.000000
1.401000	0.000000
1.402000	0.000000
1.403000	0.000000
1.404000	0.000000
1.405000	0.000000
1.406000	0.000000
1.407000	0.000000
1.408000	0.000000
1.409000	0.000000
1.410000	-0.000000
1.411000	-0.000000
1.412000	-0.000000
1.413000	-0.000000
1.414000	-0.000000
1.415000	-0.000000
1.416000	-0.000000
1.417000	-0.000000
1.418000	-0.000000
1.419000	-0.000000
1.420000	-0.000000
1.421000	-0.000000
1.422000	-0.000000
1.423000	-0.000000
1.424000	-0.000000
1.425000	-0.000000
1.426000	-0.000000
1.427000	0.000000
1.428000	0.000000
1.429000	0.000000
1.430000	0.000000
1.431000	0.000000
1.432000	0.000000
1.433000	0.000000
1.434000	0.000000
1.435000	0.000000
1.436000	0.000000
1.437000	0.000000
1.438000	0.000000
1.439000	0.000000
1.440000	0.000000
1.441000	0.000000
1.442000	0.000000
1.443000	-0.000000
1.444000	-0.000000
1.445000	-0.000000
1.446000	-0.000000
1.447000	-0.000000
1.448000	-0.000000
1.449000	-0.000000
1.450000	-0.000000
1.451000	-0.000000
1.452000	-0.000000
1.453000	-0.000000
1.454000	-0.000000
1.455000	-0.000000
1.456000	-0.000000
1.457000	0.000000
1.458000	0.000000
1.459000	0.000000
1.460000	0.000000
1.461000	0.000000
1.462000	0.000000
1.463000	0.000000
1.464000	0.000000
1.465000	0.000000
1.466000	0.000000
1.467000	0.000000
1.468000	0.000000
1.469000	-0.000000
1.470000	-0.000000
1.471000	-0.000000
1.472000	-0.000000
1.473000	-0.000000
1.474000	-0.000000
1.475000	-0.000000
1.476000	-0.000000
1.477000	-0.000000
1.478000	-0.000000
1.479000	-0.000000
1.480000	-0.000000
1.481000	-0.000000
1.482000	-0.000000
1.483000	-0.000000
1.484000	-0.000000
1.485000	-0.000000
1.486000	-0.000000
1.487000	-0.000001
1.488000	-0.000001
1.489000	-0.000001
1.490000	-0.000002
1.491000	-0.000003
1.492000	-0.000004
1.493000	-0.000006
1.494000	-0.000008
1.495000	-0.000012
1.496000	-0.000016
1.497000	-0.000022
1.498000	-0.000029
1.499000	-0.000039
1.500000	-0.000051
1.501000	-0.000067
1.502000	-0.000086
1.503000	-0.000111
1.504000	-0.000141
1.505000	-0.000177
1.506000	-0.000220
1.507000	-0.000272
1.508000	-0.000331
1.509000	-0.000400
1.510000	-0.000478
1.511000	-0.000566
1.512000	-0.000661
1.513000	-0.000764
1.514000	-0.000873
1.515000	-0.000985
1.516000	-0.001098
1.517000	-0.001207
1.518000	-0.001309
1.519000	-0.001397
1.520000	-0.001468
1.521000	-0.001515
1.522000	-0.001532
1.523000	-0.001515
1.524000	-0.001459
1.525000	-0.001359
1.526000	-0.001214
1.527000	-0.001022
1.528000	-0.000784
1.529000	-0.000503
1.530000	-0.000184
1.531000	0.000166
1.532000	0.000538
1.533000	0.000923
1.534000	0.001309
1.535000	0.001682
1.536000	0.002032
1.537000	0.002345
1.538000	0.002611
1.539000	0.002820
1.540000	0.002964
1.541000	0.003039
1.542000	0.003042
1.543000	0.002974
1.544000	0.002838
1.545000	0.002640
1.546000	0.002388
1.547000	0.002092
1.548000	0.001762
1.549000	0.001412
1.550000	0.001052
1.551000	0.000696
1.552000	0.000352
1.553000	0.000031
1.554000	-0.000259
1.555000	-0.000514
1.556000	-0.000728
1.557000	-0.000901
1.558000	-0.001031
1.559000	-0.001121
1.560000	-0.001173
1.561000	-0.001190
1.562000	-0.001178
1.563000	-0.001141
1.564000	-0.001084
1.565000	-0.001012
1.566000	-0.000931
1.567000	-0.000843
1.568000	-0.000753
1.569000	-0.000664
1.570000	-0.000578
1.571000	-0.000498
1.572000	-0.000423
1.573000	-0.000356
1.574000	-0.000296
1.575000	-0.000243
1.576000	-0.000198
1.577000	-0.000160
1.578000	-0.000127
1.579000	-0.000101
1.580000	-0.000079
1.581000	-0.000061
1.582000	-0.000047
1.583000	-0.000035
1.584000	-0.000027
1.585000	-0.000020
1.586000	-0.000015
1.587000	-0.000011
1.588000	-0.000008
1.589000	-0.000006
1.590000	-0.000004
1.591000	-0.000003
1.592000	-0.000002
1.593000	-0.000001
1.594000	-0.000001
1.595000	-0.000001
1.596000	-0.000001
1.597000	-0.000000
1.598000	-0.000000
1.599000	-0.000000
1.600000	-0.000000
1.601000	-0.000000
1.602000	-0.000000
1.603000	-0.000000
1.604000	-0.000000
1.605000	-0.000000
1.606000	-0.000000
1.607000	0.000000
1.608000	0.000000
1.609000	0.000000
1.610000	0.000000
1.611000	0.000000
1.612000	0.000000
1.613000	0.000000
1.614000	0.000000
1.615000	0.000000
1.616000	0.000000
1.617000	0.000000
1.618000	0.000000
1.619000	0.000000
1.620000	0.000000
1.621000	0.000000
1.622000	-0.000000
1.623000	-0.000000
1.624000	-0.000000
1.625000	-0.000000
1.626000	-0.000000
1.627000	-0.000000
1.628000	-0.000000
1.629000	-0.000000
1.630000	-0.000000
1.631000	-0.000000
1.632000	-0.000000
1.633000	-0.000000
1.634000	-0.000000
1.635000	-0.000000
1.636000	0.000000
1.637000	0.000000
1.638000	0.000000
1.639000	0.000000
1.640000	0.000000
1.641000	0.000000
1.642000	0.000000
1.643000	0.000000
1.644000	0.000000
1.645000	0.000000
1.646000	0.000000
1.647000	0.000000
1.648000	0.000000
1.649000	0.000000
1.650000	0.000000
1.651000	0.000000
1.652000	0.000000
1.653000	0.000000
1.654000	0.000000
1.655000	0.000000
1.656000	0.000000
1.657000	-0.000000
1.658000	-0.000000
1.659000	-0.000000
1.660000	-0.000000
1.661000	-0.000000
1.662000	-0.000000
1.663000	-0.000000
1.664000	-0.000000
1.665000	-0.000000
1.666000	-0.000000
1.667000	-0.000000
1.668000	-0.000000
1.669000	-0.000000
1.670000	-0.000000
1.671000	-0.000000
1.672000	-0.000000
1.673000	-0.000000
1.674000	-0.000000
1.675000	-0.000000
1.676000	-0.000000
1.677000	-0.000000
1.678000	-0.000000
1.679000	-0.000000
1.680000	-0.000000
1.681000	-0.000000
1.682000	-0.000000
1.683000	-0.000000
1.684000	-0.000000
1.685000	-0.000000
1.686000	0.000000
1.687000	0.000000
1.688000	0.000000
1.689000	0.000000
1.690000	0.000000
1.691000	0.000000
1.692000	0.000000
1.693000	0.000000
1.694000	0.000000
1.695000	0.000000
1.696000	0.000000
1.697000	0.000000
1.698000	0.000000
1.699000	0.000000
1.700000	0.000000
1.701000	0.000000
1.702000	0.000000
1.703000	0.000000
1.704000	0.000000
1.705000	0.000000
1.706000	0.000000
1.707000	0.000000
1.708000	0.000000
1.709000	0.000000
1.710000	0.000000
1.711000	0.000000
1.712000	0.000000
1.713000	0.000001
1.714000	0.000001
1.715000	0.000001
1.716000	0.000002
1.717000	0.000002
1.718000	0.000003
1.719000	0.000004
1.720000	0.000005
1.721000	0.000006
1.722000	0.000007
1.723000	0.000009
1.724000	0.000011
1.725000	0.000014
1.726000	0.000016
1.727000	0.000020
1.728000	0.000023
1.729000	0.000027
1.730000	0.000031
1.731000	0.000036
1.732000	0.000041
1.733000	0.000046
1.734000	0.000051
1.735000	0.000056
1.736000	0.000061
1.737000	0.000066
1.738000	0.000071
1.739000	0.000074
1.740000	0.000077
1.741000	0.000079
1.742000	0.000080
1.743000	0.000080
1.744000	0.000078
1.745000	0.000075
1.746000	0.000071
1.747000	0.000065
1.748000	0.000057
1.749000	0.000049
1.750000	0.000039
1.751000	0.000029
1.752000	0.000017
1.753000	0.000006
1.754000	-0.000006
1.755000	-0.000018
1.756000	-0.000029
1.757000	-0.000039
1.758000	-0.000049
1.759000	-0.000058
1.760000	-0.000065
1.761000	-0.000071
1.762000	-0.000075
1.763000	-0.000078
1.764000	-0.000080
1.765000	-0.000080
1.766000	-0.000079
1.767000	-0.000077
1.768000	-0.000074
1.769000	-0.000071
1.770000	-0.000066
1.771000	-0.000061
1.772000	-0.000056
1.773000	-0.000051
1.774000	-0.000046
1.775000	-0.000041
1.776000	-0.000036
1.777000	-0.000031
1.778000	-0.000027
1.779000	-0.000023
1.780000	-0.000019
1.781000	-0.000016
1.782000	-0.000014
1.783000	-0.000011
1.784000	-0.000009
1.785000	-0.000007
1.786000	-0.000006
1.787000	-0.000005
1.788000	-0.000004
1.789000	-0.000003
1.790000	-0.000002
1.791000	-0.000002
1.792000	-0.000001
1.793000	-0.000001
1.794000	-0.000001
1.795000	-0.000001
1.796000	-0.000000
1.797000	-0.000000
1.798000	-0.000000
1.799000	-0.000000
1.800000	-0.000000
1.801000	-0.000000
1.802000	-0.000000
1.803000	-0.000000
1.804000	-0.000000
1.805000	-0.000000
1.806000	-0.000000
1.807000	-0.000000
1.808000	-0.000000
1.809000	-0.000000
1.810000	-0.000000
1.811000	-0.000000
1.812000	-0.000000
1.813000	-0.000000
1.814000	-0.000000
1.815000	-0.000000
1.816000	-0.000000
1.817000	-0.000000
1.818000	-0.000000
1.819000	-0.000000
1.820000	-0.000000
1.821000	-0.000000
1.822000	-0.000000
1.823000	-0.000000
1.824000	-0.000000
1.825000	-0.000000
1.826000	-0.000000
1.827000	-0.000000
1.828000	0.000000
