0 1.569 1493.8
0.5 1.569 1493.8
1 1.569 1493.8
1.5 1.569 1493.8
2 1.569 1493.8
2.5 1.57973 1494.07
3 1.60036 1495.4
3.5 1.621 1496.74
4 1.64163 1498.07
4.5 1.66226 1499.41
5 1.6829 1500.74
5.5 1.69891 1502.08
6 1.71065 1503.41
6.5 1.7224 1504.75
7 1.73414 1506.08
7.5 1.74589 1507.42
8 1.75763 1508.76
8.5 1.76937 1510.09
9 1.78112 1511.43
9.5 1.79286 1512.76
10 1.80785 1514.1
10.5 1.82583 1515.43
11 1.8438 1516.77
11.5 1.86178 1526.02
12 1.87976 1536.15
12.5 1.89774 1546.28
13 1.91571 1556.41
13.5 1.93369 1566.54
14 1.95167 1576.67
14.5 1.95164 1586.8
15 1.93499 1576.04
15.5 1.91833 1565.28
16 1.90168 1554.52
16.5 1.88503 1543.76
17 1.86837 1533
17.5 1.85172 1527.95
18 1.83506 1526.7
18.5 1.81841 1525.45
19 1.80175 1524.2
19.5 1.7851 1522.95
20 1.76845 1521.7
20.5 1.75179 1520.45
21 1.7543 1524.86
21.5 1.7745 1530.69
22 1.7947 1536.53
22.5 1.8149 1542.36
23 1.8351 1548.19
23.5 1.8553 1554.02
24 1.86163 1553.15
24.5 1.85514 1551.53
25 1.84866 1549.92
25.5 1.84218 1548.3
26 1.8357 1546.68
26.5 1.82921 1545.07
27 1.8385 1543.74
27.5 1.86235 1542.84
28 1.8862 1541.94
28.5 1.91005 1541.04
29 1.91585 1540.14
29.5 1.90497 1539.24
30 1.8941 1538.34
30.5 1.88323 1537.43
31 1.87236 1536.53
31.5 1.86148 1535.63
32 1.86564 1534.73
32.5 1.88161 1533.83
33 1.89758 1532.93
33.5 1.91354 1532.03
34 1.92951 1531.13
34.5 1.94547 1530.23
35 1.94108 1529.33
35.5 1.92068 1528.43
36 1.90028 1527.53
36.5 1.87988 1526.63
37 1.85949 1525.73
37.5 1.83909 1524.82
38 1.81869 1523.92
38.5 1.80789 1527.8
39 1.80594 1534.36
39.5 1.80399 1540.92
40 1.80204 1547.48
40.5 1.80009 1554.05
41 1.79814 1560.61
41.5 1.78688 1563.88
42 1.76703 1559.5
42.5 1.74718 1555.12
43 1.72733 1550.73
43.5 1.70748 1546.35
44 1.68763 1541.97
44.5 1.67847 1540.96
45 1.67918 1547.83
45.5 1.67989 1554.7
46 1.6806 1561.57
46.5 1.68131 1568.44
47 1.68202 1569.51
47.5 1.68273 1568.09
48 1.68344 1566.67
48.5 1.68415 1565.25
49 1.68486 1563.83
49.5 1.69343 1564.23
50 1.70927 1565.41
50.5 1.7251 1566.59
51 1.74093 1567.78
51.5 1.75677 1568.96
52 1.7726 1570.15
52.5 1.78507 1571.55
53 1.79444 1573.05
53.5 1.8038 1574.55
54 1.81317 1576.05
54.5 1.82254 1577.55
55 1.8319 1579.05
55.5 1.84296 1577.93
56 1.85557 1575.67
56.5 1.86819 1572.62
57 1.8808 1567.67
57.5 1.89342 1570.18
58 1.90603 1580.15
58.5 1.91865 1590.11
59 1.92472 1595.94
59.5 1.92475 1599
60 1.92478 1602.07
60.5 1.92482 1605.14
61 1.92485 1608.2
61.5 1.92488 1611.27
62 1.92744 1612.33
62.5 1.93232 1611.4
63 1.93721 1610.47
63.5 1.94209 1609.53
64 1.94697 1608.6
64.5 1.95186 1607.67
65 1.95737 1607.2
65.5 1.96347 1607.2
66 1.96957 1607.2
66.5 1.97567 1607.2
67 1.97781 1607.67
67.5 1.97629 1608.6
68 1.97478 1609.53
68.5 1.97326 1610.47
69 1.97175 1611.4
69.5 1.97023 1612.33
70 1.98055 1616.19
70.5 2.00181 1622.98
71 2.02306 1629.76
71.5 2.04432 1636.54
72 2.06557 1643.32
72.5 2.08682 1650.11
73 2.0908 1652.23
73.5 2.08007 1649.69
74 2.06933 1647.15
74.5 2.0586 1644.61
75 2.04786 1642.07
75.5 2.03713 1639.53
76 2.02639 1636.99
76.5 2.01566 1634.45
77 2.00492 1631.91
77.5 1.99418 1629.37
78 1.98277 1624.61
78.5 1.97004 1617.62
79 1.95731 1610.63
79.5 1.94458 1603.64
80 1.93185 1596.65
80.5 1.93164 1590.88
81 1.93455 1594.03
81.5 1.93747 1597.19
82 1.94039 1600.34
82.5 1.94531 1603.32
83 1.95146 1606.18
83.5 1.95761 1609.04
84 1.96376 1611.91
84.5 1.96991 1614.77
85 1.97606 1617.63
85.5 1.9822 1620.5
86 1.98835 1623.36
86.5 1.9945 1626.22
87 2.00065 1629.08
87.5 2.00423 1631.62
88 2.00545 1633.99
88.5 2.00667 1636.37
89 2.00789 1638.75
89.5 2.00911 1641.13
90 2.01033 1643.5
90.5 2.01478 1650.57
91 2.02062 1657.84
91.5 2.02576 1665.09
92 2.02002 1672.3
92.5 2.01428 1679.51
93 2.00854 1686.73
93.5 2.0028 1693.94
94 1.99706 1701.16
94.5 1.99133 1708.37
95 1.98559 1715.58
95.5 1.97985 1722.8
96 2.00053 1730.01
96.5 2.02782 1737.22
97 2.05511 1730.29
97.5 2.06925 1718.4
98 2.06914 1706.5
98.5 2.06904 1694.6
99 2.06893 1682.7
99.5 2.07078 1685.27
100 2.07347 1698.32
100.5 2.07615 1711.37
101 2.07884 1724.42
101.5 2.08152 1737.47
102 2.08421 1750.52
102.5 2.08689 1763.57
103 2.08958 1776.62
103.5 2.09226 1789.67
104 2.09495 1802.72
104.5 2.12579 1815.77
105 2.16557 1828.82
105.5 2.19472 1841.87
106 2.05101 1826.15
106.5 1.87917 1767.29
107 1.76913 1708.42
107.5 1.74444 1649.56
108 1.71975 1625.47
108.5 1.69506 1616.29
109 1.72441 1607.11
109.5 1.79621 1597.93
110 1.86801 1588.74
110.5 1.93981 1579.56
111 1.9582 1570.38
111.5 1.83928 1565.74
112 1.77744 1575.51
112.5 1.76828 1585.27
113 1.75911 1595.04
113.5 1.74995 1604.81
114 1.74079 1614.57
114.5 1.73163 1624.34
115 1.72925 1626.37
115.5 1.73551 1628.56
116 1.74177 1630.75
116.5 1.74803 1632.93
117 1.75429 1635.12
117.5 1.76055 1637.3
118 1.7667 1639.49
118.5 1.77275 1641.68
119 1.7788 1643.86
119.5 1.78485 1646.05
120 1.7909 1648.23
120.5 1.79695 1641.93
121 1.803 1623.91
121.5 1.81048 1618.06
122 1.81928 1617.42
122.5 1.82808 1616.79
123 1.83688 1616.16
123.5 1.84568 1615.52
124 1.85448 1614.89
124.5 1.85836 1619.93
125 1.85771 1627.39
125.5 1.85706 1634.86
126 1.85641 1642.33
126.5 1.85576 1649.79
127 1.85511 1657.26
127.5 1.85363 1655.92
128 1.85137 1650.8
128.5 1.84911 1645.68
129 1.84686 1640.56
129.5 1.8446 1635.44
130 1.84234 1607.37
130.5 1.84008 1569.47
131 1.82941 1566.27
131.5 1.81098 1577.93
132 1.79255 1589.6
132.5 1.77411 1601.27
133 1.75568 1612.93
133.5 1.73725 1624.6
134 1.73669 1639.52
134.5 1.75262 1655.84
135 1.76855 1672.16
135.5 1.78448 1688.47
136 1.80042 1704.79
136.5 1.81635 1721.11
137 1.81711 1713.56
137.5 1.80385 1695.79
138 1.79059 1678.02
138.5 1.77734 1660.25
139 1.76408 1642.47
139.5 1.75082 1624.7
140 1.73756 1606.93
140.5 1.73414 1610.48
141 1.73979 1623.16
141.5 1.74544 1635.85
142 1.75109 1648.53
142.5 1.75674 1661.21
143 1.76239 1673.9
143.5 1.76971 1680.36
144 1.77858 1684.16
144.5 1.78744 1687.96
145 1.79631 1691.76
145.5 1.80518 1695.56
146 1.81404 1699.36
146.5 1.80525 1688.77
147 1.78015 1672.01
147.5 1.75505 1655.26
148 1.72995 1638.5
148.5 1.70485 1621.74
149 1.67975 1604.98
149.5 1.65465 1588.23
150 1.65276 1598.67
150.5 1.67229 1620.77
151 1.69182 1642.87
151.5 1.71136 1657.04
152 1.73089 1667.8
152.5 1.75042 1678.57
153 1.76387 1681.31
153.5 1.77171 1680.61
154 1.77954 1679.91
154.5 1.78737 1684.55
155 1.79521 1691.49
155.5 1.80304 1698.42
156 1.79274 1709.51
156.5 1.76572 1722.37
157 1.73869 1735.24
157.5 1.71166 1707.28
158 1.68463 1661.82
158.5 1.6576 1627.13
159 1.63057 1617.57
159.5 1.61637 1615.01
160 1.614 1615.46
160.5 1.61164 1615.91
161 1.6178 1616.36
161.5 1.63183 1616.81
162 1.64586 1617.26
162.5 1.66225 1617.71
163 1.68082 1618.16
163.5 1.69939 1618.6
164 1.78705 1619.05
164.5 1.93849 1619.5
165 2.04065 1619.95
165.5 2.03031 1620.4
166 2.0241 1610.51
166.5 2.04426 1600.62
167 2.09513 1590.73
167.5 2.07061 1580.84
168 1.93262 1570.96
168.5 1.79464 1561.07
169 1.73429 1571.31
169.5 1.74563 1590.17
170 1.75696 1609.04
170.5 1.76351 1611.64
171 1.76564 1607.28
171.5 1.76778 1602.91
172 1.76611 1622.43
172.5 1.76095 1652.19
173 1.75578 1681.95
173.5 1.77467 1672.47
174 1.81577 1653.18
174.5 1.85687 1633.89
175 1.85426 1624.09
175.5 1.81131 1618.37
176 1.76835 1612.64
176.5 1.72539 1606.92
177 1.68243 1601.19
177.5 1.63948 1595.47
178 1.59652 1589.74
178.5 1.58578 1601.72
179 1.60478 1618.12
179.5 1.62378 1634.52
180 1.62912 1634.71
180.5 1.62186 1630.84
181 1.61459 1626.97
181.5 1.61036 1626.69
182 1.60892 1627.3
182.5 1.60749 1627.92
183 1.6048 1624.76
183.5 1.60095 1620
184 1.5971 1615.24
184.5 1.59325 1610.47
185 1.5894 1605.71
185.5 1.58555 1600.94
186 1.5817 1596.18
186.5 1.57785 1591.41
187 1.574 1586.65
187.5 1.57015 1581.88
188 1.56825 1579.8
188.5 1.56815 1580.4
189 1.56805 1581
189.5 1.57194 1585.93
190 1.5795 1595.2
190.5 1.58707 1604.47
191 1.59023 1610.03
191.5 1.58933 1611.9
192 1.58843 1613.77
192.5 1.5928 1614.42
193 1.60203 1613.86
193.5 1.61126 1613.3
194 1.62049 1612.74
194.5 1.62972 1612.18
195 1.63895 1611.62
195.5 1.64818 1611.06
196 1.65741 1610.5
196.5 1.66664 1609.94
197 1.67587 1609.38
197.5 1.689 1610.83
198 1.70572 1614.28
198.5 1.72244 1617.74
199 1.73419 1621.19
199.5 1.74097 1624.65
200 1.74775 1628.1
200.5 1.74589 1628.1
201 1.73606 1628.1
201.5 1.72622 1628.1
202 1.72457 1628.1
202.5 1.72988 1628.1
203 1.7352 1600.02
203.5 1.74051 1571.94
204 1.74583 1569.4
204.5 1.75114 1574.92
205 1.75646 1580.45
205.5 1.76208 1585.97
206 1.76796 1591.5
206.5 1.77384 1597.02
207 1.77972 1602.55
207.5 1.7856 1608.07
208 1.79148 1613.59
208.5 1.79332 1607.26
209 1.79144 1597.96
209.5 1.78955 1588.66
210 1.77908 1590.39
210.5 1.76588 1594.88
211 1.75269 1599.37
211.5 1.7395 1603.86
212 1.72631 1608.35
212.5 1.71312 1612.84
213 1.69993 1617.33
213.5 1.71998 1628.61
214 1.77071 1642.28
214.5 1.82145 1655.95
215 1.87218 1669.62
215.5 1.92291 1683.29
216 1.97365 1696.96
216.5 1.9962 1707.85
217 1.99275 1711.59
217.5 1.9893 1715.34
218 1.98585 1719.08
218.5 1.98239 1722.82
219 1.97985 1726.57
219.5 1.98052 1730.31
220 1.98119 1734.05
220.5 1.97034 1741.77
221 1.92299 1762.04
221.5 1.87565 1782.31
222 1.82831 1802.59
222.5 1.78097 1822.86
223 1.75325 1816.79
223.5 1.74857 1784.38
224 1.74389 1751.96
224.5 1.73921 1719.54
225 1.73453 1687.12
225.5 1.72986 1654.71
226 1.73049 1638.05
226.5 1.74794 1637.15
227 1.7654 1636.25
227.5 1.78285 1635.35
228 1.8003 1634.45
228.5 1.81775 1633.55
229 1.83521 1630.47
229.5 1.79491 1625.2
230 1.74362 1619.94
230.5 1.69233 1614.67
231 1.64104 1609.41
231.5 1.58975 1604.14
232 1.53845 1598.88
232.5 1.50693 1596.16
233 1.51377 1598.41
233.5 1.52061 1600.66
234 1.52745 1602.91
234.5 1.53429 1605.15
235 1.54113 1607.4
235.5 1.55253 1609.65
236 1.56724 1611.9
236.5 1.58195 1614.14
237 1.59666 1616.39
237.5 1.61137 1618.64
238 1.62608 1620.88
238.5 1.6324 1623.13
239 1.63577 1625.38
239.5 1.63914 1627.63
240 1.64252 1629.87
240.5 1.64589 1632.12
241 1.64926 1634.37
241.5 1.65264 1636.62
242 1.65601 1636.13
242.5 1.65938 1634.69
243 1.66276 1633.25
243.5 1.63502 1632.94
244 1.59518 1632.99
244.5 1.55535 1633.04
245 1.51551 1633.1
245.5 1.47568 1633.15
246 1.44607 1633.2
246.5 1.44559 1635.22
247 1.4451 1637.25
247.5 1.44462 1639.27
248 1.44413 1641.3
248.5 1.44365 1643.32
249 1.44316 1645.35
249.5 1.46618 1647.37
250 1.5013 1649.66
250.5 1.53642 1652.05
251 1.57153 1654.43
251.5 1.60665 1656.81
252 1.64177 1659.2
252.5 1.67689 1661.58
253 1.66685 1663.96
253.5 1.65288 1666.35
254 1.63892 1668.73
254.5 1.62495 1671.12
255 1.61098 1673.5
255.5 1.59702 1675.88
256 1.62901 1678.27
256.5 1.665 1680.65
257 1.70099 1683.03
257.5 1.73698 1604.64
258 1.75263 1520.36
258.5 1.74624 1538.16
259 1.73984 1555.96
259.5 1.73344 1573.76
260 1.72705 1591.55
260.5 1.71483 1605.69
261 1.69024 1612.7
261.5 1.66565 1619.72
262 1.64106 1626.74
262.5 1.61646 1633.75
263 1.59187 1640.77
263.5 1.56728 1647.79
264 1.54839 1654.81
264.5 1.5497 1661.82
265 1.551 1668.84
265.5 1.55231 1675.86
266 1.55362 1674.2
266.5 1.55492 1670.1
267 1.55813 1666
267.5 1.57846 1661.9
268 1.59878 1657.8
268.5 1.6191 1653.7
269 1.63943 1649.59
269.5 1.65975 1645.49
270 1.68007 1641.39
270.5 1.7004 1637.29
271 1.72072 1633.51
271.5 1.74104 1632.58
272 1.74361 1631.66
272.5 1.72979 1630.73
273 1.71597 1629.81
273.5 1.70215 1628.88
274 1.68833 1627.96
274.5 1.67451 1627.03
275 1.66069 1626.11
275.5 1.63406 1625.18
276 1.60462 1624.38
276.5 1.57518 1623.6
277 1.54574 1622.82
277.5 1.5163 1622.04
278 1.48687 1621.26
278.5 1.48441 1620.48
279 1.48368 1619.7
279.5 1.48295 1618.92
280 1.48222 1619.51
280.5 1.4815 1621.7
281 1.48076 1623.9
281.5 1.48004 1626.09
282 1.51109 1628.29
282.5 1.56922 1630.48
283 1.62736 1631.99
283.5 1.68549 1632.45
284 1.74362 1632.92
284.5 1.80176 1633.39
285 1.79615 1633.85
285.5 1.73625 1634.32
286 1.67635 1634.79
286.5 1.61644 1635.25
287 1.55654 1635.72
287.5 1.49664 1636.19
288 1.46155 1634.4
288.5 1.46694 1630.68
289 1.47234 1626.97
289.5 1.47773 1623.26
290 1.4802 1619.54
290.5 1.47643 1615.83
291 1.47266 1612.12
291.5 1.46889 1608.4
292 1.46513 1604.69
292.5 1.46136 1600.98
293 1.46077 1597.27
293.5 1.46692 1593.55
294 1.47307 1589.84
294.5 1.47922 1586.13
295 1.48537 1582.41
295.5 1.49152 1578.7
296 1.50382 1574.99
296.5 1.52917 1571.27
297 1.55453 1567.56
297.5 1.57989 1563.85
298 1.60525 1560.14
298.5 1.61666 1556.42
299 1.59553 1552.71
299.5 1.57439 1549
300 1.58046 1545.28
300.5 1.58889 1541.57
301 1.59732 1537.86
301.5 1.60576 1534.14
302 1.61419 1530.43
302.5 1.62262 1526.72
303 1.62048 1523.01
303.5 1.61741 1519.29
304 1.61434 1516.85
304.5 1.61128 1522.21
305 1.60821 1527.57
305.5 1.60514 1532.92
306 1.62379 1538.28
306.5 1.64433 1543.64
307 1.66487 1549
307.5 1.68541 1554.36
308 1.70392 1573.03
308.5 1.6992 1600.57
309 1.69448 1628.12
309.5 1.68976 1642.61
310 1.68504 1639.08
310.5 1.68032 1635.54
311 1.71392 1632.01
311.5 1.76242 1628.47
312 1.81092 1624.94
312.5 1.79666 1621.4
313 1.75799 1617.86
313.5 1.71933 1614.33
314 1.72465 1610.79
314.5 1.74708 1607.26
315 1.76952 1603.72
315.5 1.79195 1600.19
316 1.81439 1596.65
316.5 1.83682 1593.11
317 1.8356 1589.58
317.5 1.82518 1586.04
318 1.81475 1582.51
318.5 1.80433 1578.97
319 1.79826 1576.22
319.5 1.79256 1577.6
320 1.78686 1578.98
320.5 1.78116 1580.35
321 1.77546 1581.73
321.5 1.76976 1583.11
322 1.75619 1584.49
322.5 1.74194 1585.86
323 1.72769 1587.24
323.5 1.71344 1588.62
324 1.69919 1590
324.5 1.68494 1591.37
325 1.67754 1592.75
325.5 1.67073 1594.13
326 1.66393 1595.51
326.5 1.65712 1596.88
327 1.65032 1598.26
327.5 1.65281 1595.87
328 1.65657 1593.06
328.5 1.66033 1598.36
329 1.66409 1605.68
329.5 1.66872 1613
330 1.67968 1620.32
330.5 1.69065 1627.56
331 1.70162 1630.33
331.5 1.71258 1633.1
332 1.72355 1635.87
332.5 1.73387 1638.65
333 1.73942 1641.42
333.5 1.74497 1644.19
334 1.75052 1646.97
334.5 1.75607 1649.74
335 1.76162 1652.51
335.5 1.76404 1655.28
336 1.74354 1658.06
336.5 1.72304 1615.89
337 1.77013 1565.15
337.5 1.87959 1514.42
338 1.98906 1463.69
338.5 2.02071 1472.44
339 1.98055 1520.84
339.5 1.94038 1569.24
340 1.88088 1606.58
340.5 1.80353 1636.56
341 1.72618 1666.54
341.5 1.64883 1696.51
342 1.61966 1705.58
342.5 1.63496 1690.1
343 1.63658 1674.63
343.5 1.62558 1666.47
344 1.61458 1665.07
344.5 1.61163 1663.66
345 1.6161 1662.26
345.5 1.62057 1660.85
346 1.62505 1659.45
346.5 1.62952 1658.23
347 1.61817 1661.44
347.5 1.60617 1664.65
348 1.59416 1667.86
348.5 1.62267 1671.07
349 1.6547 1674.28
349.5 1.68674 1677.49
350 1.69399 1681.64
350.5 1.69909 1685.98
351 1.70419 1690.32
351.5 1.71132 1694.65
352 1.71858 1698.99
352.5 1.72584 1703.33
353 1.7331 1676.28
353.5 1.74036 1647.93
354 1.74762 1619.58
354.5 1.75475 1591.23
355 1.76186 1562.88
355.5 1.76897 1534.53
356 1.77609 1506.17
356.5 1.77721 1510.48
357 1.77281 1540.45
357.5 1.76841 1570.41
358 1.76401 1600.38
358.5 1.75961 1630.35
359 1.75521 1660.31
359.5 1.74882 1675.79
360 1.74058 1678.91
360.5 1.73235 1682.04
361 1.72412 1685.16
361.5 1.71589 1688.29
362 1.70765 1691.41
362.5 1.7065 1694.06
363 1.71189 1696.42
363.5 1.71728 1698.77
364 1.72266 1701.13
364.5 1.72805 1703.48
365 1.73344 1705.84
365.5 1.73883 1708.19
366 1.74294 1711.79
366.5 1.74406 1717.59
367 1.74518 1723.39
367.5 1.7463 1729.2
368 1.74742 1735
368.5 1.74854 1740.8
369 1.74823 1741.78
369.5 1.74488 1734.89
370 1.74153 1728
370.5 1.73818 1721.11
371 1.73483 1714.22
371.5 1.73148 1707.33
372 1.73057 1707.43
372.5 1.73484 1717.99
373 1.73912 1728.55
373.5 1.74339 1739.12
374 1.74767 1749.68
374.5 1.75194 1760.25
375 1.75621 1770.81
375.5 1.76049 1781.37
376 1.76316 1783.4
376.5 1.7656 1779.74
377 1.76805 1776.08
377.5 1.7705 1772.41
378 1.77295 1768.75
378.5 1.7754 1765.09
379 1.77417 1763.26
379.5 1.77262 1763
380 1.77107 1762.74
380.5 1.76952 1762.48
381 1.76797 1762.22
381.5 1.76642 1761.96
382 1.76506 1763.23
382.5 1.76372 1766.8
383 1.76237 1770.36
383.5 1.76103 1773.93
384 1.75969 1777.5
384.5 1.75834 1764.32
385 1.757 1751.14
385.5 1.76164 1742.25
386 1.76797 1750.47
386.5 1.77431 1758.7
387 1.78064 1766.92
387.5 1.78697 1775.15
388 1.79331 1783.38
388.5 1.79187 1787.28
389 1.78824 1780.07
389.5 1.78461 1772.87
390 1.78098 1765.66
390.5 1.77735 1758.45
391 1.77372 1751.25
391.5 1.771 1744.17
392 1.76863 1737.39
392.5 1.76627 1730.61
393 1.76391 1723.83
393.5 1.76154 1717.06
394 1.75918 1712.7
394.5 1.75681 1708.95
395 1.75551 1705.2
395.5 1.75609 1716.26
396 1.75667 1732
396.5 1.75725 1747.74
397 1.75783 1763.48
397.5 1.75841 1779.22
398 1.75675 1794.96
398.5 1.75033 1795.16
399 1.74391 1788.04
399.5 1.7375 1780.93
400 1.73108 1773.81
400.5 1.72466 1766.69
401 1.7205 1759.58
401.5 1.72111 1751.52
402 1.72173 1743.03
402.5 1.72234 1734.53
403 1.72296 1726.04
403.5 1.72357 1723.02
404 1.72419 1724.31
404.5 1.7248 1725.6
405 1.71955 1720.62
405.5 1.71318 1715.09
406 1.70681 1709.57
406.5 1.70045 1704.05
407 1.69408 1698.52
407.5 1.68771 1693
408 1.67835 1688.6
408.5 1.66873 1684.19
409 1.65911 1679.79
409.5 1.64949 1675.38
410 1.63987 1670.98
410.5 1.63025 1666.58
411 1.63821 1673.13
411.5 1.64904 1680.14
412 1.65987 1687.15
412.5 1.6707 1694.17
413 1.68153 1701.18
413.5 1.69236 1708.19
414 1.70318 1715.2
414.5 1.71853 1706.81
415 1.73665 1696.72
415.5 1.75477 1702.19
416 1.77288 1710.63
416.5 1.791 1734.33
417 1.80912 1787.63
417.5 1.79699 1840.94
418 1.77633 1841.95
418.5 1.75567 1829.88
419 1.73501 1817.82
419.5 1.71435 1805.75
420 1.6937 1793.69
420.5 1.69463 1781.62
421 1.70481 1780.29
421.5 1.71499 1783.56
422 1.72517 1786.84
422.5 1.73535 1790.11
423 1.74553 1802.81
423.5 1.75571 1816.8
424 1.75371 1830.78
424.5 1.74046 1813.91
425 1.72721 1785.03
425.5 1.71396 1756.16
426 1.70071 1727.28
426.5 1.68746 1698.4
427 1.67276 1669.53
427.5 1.65673 1651.64
428 1.6407 1650.23
428.5 1.62467 1648.82
429 1.60864 1647.41
429.5 1.59261 1646
430 1.5962 1644.59
430.5 1.61288 1639.76
431 1.62956 1653.54
431.5 1.64623 1667.33
432 1.66291 1681.11
432.5 1.67959 1701.78
433 1.69626 1727.43
433.5 1.70702 1753.08
434 1.71187 1773.14
434.5 1.71672 1770.84
435 1.72157 1768.54
435.5 1.72642 1766.23
436 1.73127 1763.93
436.5 1.72647 1761.63
437 1.71344 1757.6
437.5 1.70042 1752.6
438 1.6874 1747.6
438.5 1.67437 1742.6
439 1.66135 1737.6
439.5 1.66225 1732.6
440 1.67598 1721.94
440.5 1.68972 1707.51
441 1.70346 1693.07
441.5 1.7172 1678.64
442 1.73094 1677.03
442.5 1.74468 1686.34
443 1.75424 1695.65
443.5 1.76023 1704.96
444 1.76623 1714.27
444.5 1.77223 1723.58
445 1.77822 1736.96
445.5 1.78422 1753.06
446 1.78629 1769.16
446.5 1.78473 1785.26
447 1.78316 1798.17
447.5 1.7816 1800.96
448 1.78004 1803.75
448.5 1.77848 1806.54
449 1.78055 1809.33
449.5 1.78625 1812.11
450 1.79195 1814.9
450.5 1.79766 1817.69
451 1.80336 1809.04
451.5 1.80906 1770.95
452 1.81476 1732.86
452.5 1.81211 1694.78
453 1.80174 1681.26
453.5 1.79136 1690.42
454 1.78099 1699.58
454.5 1.77062 1708.74
455 1.76025 1717.9
455.5 1.76276 1727.05
456 1.77386 1730.37
456.5 1.78496 1726.83
457 1.79605 1723.29
457.5 1.80715 1719.75
458 1.81825 1716.21
458.5 1.82793 1712.67
459 1.8362 1723.18
459.5 1.84446 1747.75
460 1.85273 1772.32
460.5 1.861 1773.79
461 1.86926 1774.29
461.5 1.87753 1774.8
462 1.88398 1771.39
462.5 1.87711 1752.34
463 1.87024 1733.29
463.5 1.86338 1714.24
464 1.85651 1695.19
464.5 1.84964 1676.14
465 1.8435 1652.59
465.5 1.84265 1656.51
466 1.8418 1660.44
466.5 1.84095 1664.37
467 1.8401 1668.29
467.5 1.83925 1672.22
468 1.83768 1676.15
468.5 1.83083 1680.07
469 1.82397 1684
469.5 1.81712 1687.93
470 1.81027 1691.86
470.5 1.80342 1695.78
471 1.79657 1699.71
471.5 1.78972 1703.64
472 1.7809 1707.25
472.5 1.77132 1710.77
473 1.76173 1714.3
473.5 1.75215 1717.82
474 1.74257 1721.34
474.5 1.73298 1724.87
475 1.73593 1725.18
475.5 1.74374 1724.78
476 1.75156 1724.38
476.5 1.75938 1723.99
477 1.76719 1723.59
477.5 1.77501 1723.2
478 1.77662 1722.8
478.5 1.77581 1722.41
479 1.775 1722.01
479.5 1.7742 1721.62
480 1.77339 1721.22
480.5 1.77258 1720.82
481 1.77178 1720.43
481.5 1.77097 1720.03
482 1.77016 1719.64
482.5 1.76936 1719.24
483 1.76669 1714.04
483.5 1.76257 1706.13
484 1.75845 1698.23
484.5 1.75432 1690.32
485 1.7502 1682.42
485.5 1.74608 1674.51
486 1.73841 1672.69
486.5 1.72747 1677.47
487 1.71653 1682.25
487.5 1.70559 1687.03
488 1.69465 1691.81
488.5 1.68371 1696.58
489 1.67649 1702.31
489.5 1.67219 1708.62
490 1.6679 1714.93
490.5 1.6636 1721.24
491 1.6593 1727.28
491.5 1.67598 1726.9
492 1.69267 1726.51
492.5 1.70935 1726.12
493 1.72603 1725.74
493.5 1.74272 1725.35
494 1.7594 1725.81
494.5 1.75638 1733.87
495 1.75337 1741.94
495.5 1.75035 1750.01
496 1.74733 1758.07
496.5 1.74432 1766.14
497 1.7413 1773.09
497.5 1.75323 1769.94
498 1.76517 1766.8
498.5 1.7771 1763.66
499 1.78904 1760.52
499.5 1.80097 1757.38
500 1.81291 1754.24
500.5 1.82484 1751.1
501 1.83678 1747.96
501.5 1.84871 1744.82
502 1.86065 1742.06
502.5 1.85954 1748.56
503 1.85731 1755.06
503.5 1.85508 1761.56
504 1.85284 1768.06
504.5 1.85061 1774.56
505 1.84838 1780.75
505.5 1.83412 1779.37
506 1.81882 1778
506.5 1.80352 1776.63
507 1.78822 1775.26
507.5 1.77292 1773.89
508 1.75762 1771.61
508.5 1.72673 1755.03
509 1.69448 1738.45
509.5 1.66223 1721.87
510 1.62998 1705.29
510.5 1.61519 1696.66
511 1.6165 1694.26
511.5 1.61782 1691.86
512 1.61914 1689.46
512.5 1.62045 1687.06
513 1.62177 1684.66
513.5 1.62586 1683.72
514 1.63252 1683.58
514.5 1.63919 1683.45
515 1.64585 1683.32
515.5 1.65251 1683.19
516 1.65917 1683.05
516.5 1.67279 1682.2
517 1.69337 1680.86
517.5 1.71394 1679.53
518 1.73452 1678.19
518.5 1.7551 1676.86
519 1.77568 1675.52
519.5 1.79625 1674.19
520 1.78246 1676.92
520.5 1.76567 1680.32
521 1.74889 1683.72
521.5 1.73211 1687.12
522 1.71532 1690.52
522.5 1.69854 1693.92
523 1.68944 1686.65
523.5 1.68101 1677.63
524 1.67257 1668.62
524.5 1.66414 1659.61
525 1.65571 1650.59
525.5 1.64727 1641.58
526 1.68042 1712.56
526.5 1.71718 1785.18
527 1.75394 1857.8
527.5 1.7907 1930.42
528 1.82746 2003.04
528.5 1.86422 2075.65
529 1.90099 2148.27
529.5 1.93774 2220.89
530 1.97451 2289.69
530.5 1.98987 2314.52
531 1.99691 2339.35
531.5 2.00395 2364.18
532 2.01099 2389.01
532.5 2.01803 2413.84
533 2.02507 2438.67
533.5 2.01361 2419.59
534 1.99566 2353.39
534.5 1.9777 2287.2
535 1.95975 2221.01
535.5 1.94179 2154.81
536 1.92384 2088.62
536.5 1.90588 2051.53
537 1.88793 2037.31
537.5 1.86997 2023.09
538 1.85201 2008.86
538.5 1.83406 1994.64
539 1.83486 1981.67
539.5 1.85163 1968.81
540 1.8684 1955.96
540.5 1.88517 1943.1
541 1.90194 1930.24
541.5 1.91871 1917.39
542 1.93059 1906.58
542.5 1.93757 1903.95
543 1.94455 1901.33
543.5 1.95153 1898.7
544 1.95851 1896.08
544.5 1.96549 1893.46
545 1.97247 1941.48
545.5 1.97945 1992.74
546 1.98644 2044.01
546.5 1.99342 2095.27
547 2.0004 2146.53
547.5 2.00738 2197.79
548 2.01324 2241.24
548.5 2.00628 2227.38
549 1.99933 2213.53
549.5 1.99237 2199.67
550 1.98541 2185.82
550.5 1.97845 2171.96
551 1.97149 2158.11
551.5 1.96453 2144.26
552 1.95757 2130.4
552.5 1.95061 2116.55
553 1.94365 2102.69
553.5 1.93669 2088.84
554 1.92973 2074.98
554.5 1.92277 2061.13
555 1.91581 2047.27
555.5 1.90885 2033.42
556 1.90189 2019.56
556.5 1.89494 2005.71
557 1.88797 1991.85
557.5 1.88102 1978
558 1.87406 1962.96
558.5 1.87039 1919.43
559 1.86702 1875.9
559.5 1.86364 1832.37
560 1.86026 1788.85
560.5 1.85688 1745.32
561 1.8535 1701.79
561.5 1.85013 1724.24
562 1.84675 1772.35
562.5 1.84337 1820.46
563 1.83807 1868.57
563.5 1.83261 1916.69
564 1.82714 1964.8
564.5 1.82168 2012.91