0.001333	-0.005919
0.003333	0.001275
0.005333	0.001167
0.007333	-0.022086
0.009333	-0.063438
0.011333	-0.095072
0.013333	-0.087470
0.015333	-0.030370
0.017333	0.063942
0.019333	0.169338
0.021333	0.253560
0.023333	0.282400
0.025333	0.230880
0.027333	0.102396
0.029333	-0.065120
0.031333	-0.214440
0.033333	-0.298180
0.035333	-0.300720
0.037333	-0.239100
0.039333	-0.145764
0.041333	-0.050734
0.043333	0.026088
0.045333	0.075768
0.047333	0.097410
0.049333	0.094894
0.051333	0.074880
0.053333	0.046512
0.055333	0.020566
0.057333	0.005598
0.059333	0.003643
0.061333	0.010516
0.063333	0.000000
0.065333	0.000000
0.067333	0.000000
0.069333	0.000000
0.071333	0.000000
0.073333	0.000000
0.075333	0.000000
0.077333	0.000000
0.079333	0.000000
0.081333	0.000000
0.083333	0.000000
0.085333	0.000000
0.087333	0.000000
0.089333	0.000000
0.091333	0.000000
0.093333	0.000000
0.095333	0.000000
0.097333	0.000000
0.099333	0.000000
0.101333	0.000000
0.103333	0.000000
0.105333	0.000000
0.107333	0.000000
0.109333	0.000000
0.111333	0.000000
0.113333	0.000000
0.115333	0.000000
0.117333	0.000000
0.119333	0.000000
0.121333	0.000000
0.123333	0.000000
0.125333	0.000000
0.127333	0.000000
0.129333	0.000000
0.131333	0.000000
0.133333	0.000000
0.135333	0.000000
0.137333	0.000000
0.139333	0.000000
0.141333	0.000000
0.143333	0.000000
0.145333	0.000000
0.147333	0.000000
0.149333	0.000000
0.151333	0.000000
0.153333	0.000000
0.155333	0.000000
0.157333	0.000000
0.159333	0.000000
0.161333	0.000000
0.163333	0.000000
0.165333	0.000000
0.167333	0.000000
0.169333	0.000000
0.171333	0.000000
0.173333	0.000000
0.175333	0.000000
0.177333	0.000000
0.179333	0.000000
0.181333	0.000000
0.183333	0.000000
0.185333	0.000000
0.187333	0.000000
0.189333	0.000000
0.191333	0.000000
0.193333	0.000000
0.195333	0.000000
0.197333	0.000000
0.199333	0.000000
0.201333	0.000000
0.203333	0.000000
0.205333	0.000000
0.207333	0.000000
0.209333	0.000000
0.211333	0.000000
0.213333	0.000000
0.215333	0.000000
0.217333	0.000000
0.219333	0.000000
0.221333	0.000000
0.223333	0.000000
0.225333	0.000000
0.227333	0.000000
0.229333	0.000000
0.231333	0.000000
0.233333	0.000000
0.235333	0.000000
0.237333	0.000000
0.239333	0.000000
0.241333	0.000000
0.243333	0.000000
0.245333	0.000000
0.247333	0.000000
0.249333	0.000000
0.251333	0.000000
0.253333	0.000000
0.255333	0.000000
0.257333	0.000000
0.259333	0.000000
0.261333	0.000000
0.263333	0.000000
0.265333	0.000000
0.267333	0.000000
0.269333	0.000000
0.271333	0.000000
0.273333	0.000000
0.275333	0.000000
0.277333	0.000000
0.279333	0.000000
0.281333	0.000000
0.283333	0.000000
0.285333	0.000000
0.287333	0.000000
0.289333	0.000000
0.291333	0.000000
0.293333	0.000000
0.295333	0.000000
0.297333	0.000000
0.299333	0.000000
0.301333	0.000000
0.303333	0.000000
0.305333	0.000000
0.307333	0.000000
0.309333	0.000000
0.311333	0.000000
0.313333	0.000000
0.315333	0.000000
0.317333	0.000000
0.319333	0.000000
0.321333	0.000000
0.323333	0.000000
0.325333	0.000000
0.327333	0.000000
0.329333	0.000000
0.331333	0.000000
0.333333	0.000000
0.335333	0.000000
0.337333	0.000000
0.339333	0.000000
0.341333	0.000000
0.343333	0.000000
0.345333	0.000000
0.347333	0.000000
0.349333	0.000000
0.351333	0.000000
0.353333	0.000000
0.355333	0.000000
0.357333	0.000000
0.359333	0.000000
0.361333	0.000000
0.363333	0.000000
0.365333	0.000000
0.367333	0.000000
0.369333	0.000000
0.371333	0.000000
0.373333	0.000000
0.375333	0.000000
0.377333	0.000000
0.379333	0.000000
0.381333	0.000000
0.383333	0.000000
0.385333	0.000000
0.387333	0.000000
0.389333	0.000000
0.391333	0.000000
0.393333	0.000000
0.395333	0.000000
0.397333	0.000000
0.399333	0.000000
0.401333	0.000000
0.403333	0.000000
0.405333	0.000000
0.407333	0.000000
0.409333	0.000000
0.411333	0.000000
0.413333	0.000000
0.415333	0.000000
0.417333	0.000000
0.419333	0.000000
0.421333	0.000000
0.423333	0.000000
0.425333	0.000000
0.427333	0.000000
0.429333	0.000000
0.431333	0.000000
0.433333	0.000000
0.435333	0.000000
0.437333	0.000000
0.439333	0.000000
0.441333	0.000000
0.443333	0.000000
0.445333	0.000000
0.447333	0.000000
0.449333	0.000000
0.451333	0.000000
0.453333	0.000000
0.455333	0.000000
0.457333	0.000000
0.459333	0.000000
0.461333	0.000000
0.463333	0.000000
0.465333	0.000000
0.467333	0.000000
0.469333	0.000000
0.471333	0.000000
0.473333	0.000000
0.475333	0.000000
0.477333	0.000000
0.479333	0.000000
0.481333	0.000000
0.483333	0.000000
0.485333	0.000000
0.487333	0.000000
0.489333	0.000000
0.491333	0.000000
0.493333	0.000000
0.495333	0.000000
0.497333	0.000000
0.499333	0.000000
0.501333	0.000000
0.503333	0.000000
0.505333	0.000000
0.507333	0.000000
0.509333	0.000000
0.511333	0.000000
0.513333	0.000000
0.515333	0.000000
0.517333	0.000000
0.519333	0.000000
0.521333	0.000000
0.523333	0.000000
0.525333	0.000000
0.527333	0.000000
0.529333	0.000000
0.531333	0.000000
0.533333	0.000000
0.535333	0.000000
0.537333	0.000000
0.539333	0.000000
0.541333	0.000000
0.543333	0.000000
0.545333	0.000000
0.547333	0.000000
0.549333	0.000000
0.551333	0.000000
0.553333	0.000000
0.555333	0.000000
0.557333	0.000000
0.559333	0.000000
0.561333	0.000000
0.563333	0.000000
0.565333	0.000000
0.567333	0.000000
0.569333	0.000000
0.571333	0.000000
0.573333	0.000000
0.575333	0.000000
0.577333	0.000000
0.579333	0.000000
0.581333	0.000000
0.583333	0.000000
0.585333	0.000000
0.587333	0.000000
0.589333	0.000000
0.591333	0.000000
0.593333	0.000000
0.595333	0.000000
0.597333	0.000000
0.599333	0.000000
0.601333	0.000000
0.603333	0.000000
0.605333	0.000000
0.607333	0.000000
0.609333	0.000000
0.611333	0.000000
0.613333	0.000000
0.615333	0.000000
0.617333	0.000000
0.619333	0.000000
0.621333	0.000000
0.623333	0.000000
0.625333	0.000000
0.627333	0.000000
0.629333	0.000000
0.631333	0.000000
0.633333	0.000000
0.635333	0.000000
0.637333	0.000000
0.639333	0.000000
0.641333	0.000000
0.643333	0.000000
0.645333	0.000000
0.647333	0.000000
0.649333	0.000000
0.651333	0.000000
0.653333	0.000000
0.655333	0.000000
0.657333	0.000000
0.659333	0.000000
0.661333	0.000000
0.663333	0.000000
0.665333	0.000000
0.667333	0.000000
0.669333	0.000000
0.671333	0.000000
0.673333	0.000000
0.675333	0.000000
0.677333	0.000000
0.679333	0.000000
0.681333	0.000000
0.683333	0.000000
0.685333	0.000000
0.687333	0.000000
0.689333	0.000000
0.691333	0.000000
0.693333	0.000000
0.695333	0.000000
0.697333	0.000000
0.699333	0.000000
0.701333	0.000000
0.703333	0.000000
0.705333	0.000000
0.707333	0.000000
0.709333	0.000000
0.711333	0.000000
0.713333	0.000000
0.715333	0.000000
0.717333	0.000000
0.719333	0.000000
0.721333	0.000000
0.723333	0.000000
0.725333	0.000000
0.727333	0.000000
0.729333	0.000000
0.731333	0.000000
0.733333	0.000000
0.735333	0.000000
0.737333	0.000000
0.739333	0.000000
0.741333	0.000000
0.743333	0.000000
0.745333	0.000000
0.747333	0.000000
0.749333	0.000000
0.751333	0.000000
0.753333	0.000000
0.755333	0.000000
0.757333	0.000000
0.759333	0.000000
0.761333	0.000000
0.763333	0.000000
0.765333	0.000000
0.767333	0.000000
0.769333	0.000000
0.771333	0.000000
0.773333	0.000000
0.775333	0.000000
0.777333	0.000000
0.779333	0.000000
0.781333	0.000000
0.783333	0.000000
0.785333	0.000000
0.787333	0.000000
0.789333	0.000000
0.791333	0.000000
0.793333	0.000000
0.795333	0.000000
0.797333	0.000000
0.799333	0.000000
0.801333	0.000000
0.803333	0.000000
0.805333	0.000000
0.807333	0.000000
0.809333	0.000000
0.811333	0.000000
0.813333	0.000000
0.815333	0.000000
0.817333	0.000000
0.819333	0.000000
0.821333	0.000000
0.823333	0.000000
0.825333	0.000000
0.827333	0.000000
0.829333	0.000000
0.831333	0.000000
0.833333	0.000000
0.835333	0.000000
0.837333	0.000000
0.839333	0.000000
0.841333	0.000000
0.843333	0.000000
0.845333	0.000000
0.847333	0.000000
0.849333	0.000000
0.851333	0.000000
0.853333	0.000000
0.855333	0.000000
0.857333	0.000000
0.859333	0.000000
0.861333	0.000000
0.863333	0.000000
0.865333	0.000000
0.867333	0.000000
0.869333	0.000000
0.871333	0.000000
0.873333	0.000000
0.875333	0.000000
0.877333	0.000000
0.879333	0.000000
0.881333	0.000000
0.883333	0.000000
0.885333	0.000000
0.887333	0.000000
0.889333	0.000000
0.891333	0.000000
0.893333	0.000000
0.895333	0.000000
0.897333	0.000000
0.899333	0.000000
0.901333	0.000000
0.903333	0.000000
0.905333	0.000000
0.907333	0.000000
0.909333	0.000000
0.911333	0.000000
0.913333	0.000000
0.915333	0.000000
0.917333	0.000000
0.919333	0.000000
0.921333	0.000000
0.923333	0.000000
0.925333	0.000000
0.927333	0.000000
0.929333	0.000000
0.931333	0.000000
0.933333	0.000000
0.935333	0.000000
0.937333	0.000000
0.939333	0.000000
0.941333	0.000000
0.943333	0.000000
0.945333	0.000000
0.947333	0.000000
0.949333	0.000000
0.951333	0.000000
0.953333	0.000000
0.955333	0.000000
0.957333	0.000000
0.959333	0.000000
0.961333	0.000000
0.963333	0.000000
0.965333	0.000000
0.967333	0.000000
0.969333	0.000000
0.971333	0.000000
0.973333	0.000000
0.975333	0.000000
0.977333	0.000000
0.979333	0.000000
0.981333	0.000000
0.983333	0.000000
0.985333	0.000000
0.987333	0.000000
0.989333	0.000000
0.991333	0.000000
0.993333	0.000000
0.995333	0.000000
0.997333	0.000000
0.999333	0.000000
1.001333	0.000000
1.003333	0.000000
1.005333	0.000000
1.007333	0.000000
1.009333	0.000000
1.011333	0.000000
1.013333	0.000000
1.015333	0.000000
1.017333	0.000000
1.019333	0.000000
1.021333	0.000000
1.023333	0.000000
1.025333	0.000000
1.027333	0.000000
1.029333	0.000000
1.031333	0.000000
1.033333	0.000000
1.035333	0.000000
1.037333	0.000000
1.039333	0.000000
1.041333	0.000000
1.043333	0.000000
1.045333	0.000000
1.047333	0.000000
1.049333	0.000000
1.051333	0.000000
1.053333	0.000000
1.055333	0.000000
1.057333	0.000000
1.059333	0.000000
1.061333	0.000000
1.063333	0.000000
1.065333	0.000000
1.067333	0.000000
1.069333	0.000000
1.071333	0.000000
1.073333	0.000000
1.075333	0.000000
1.077333	0.000000
1.079333	0.000000
1.081333	0.000000
1.083333	0.000000
1.085333	0.000000
1.087333	0.000000
1.089333	0.000000
1.091333	0.000000
1.093333	0.000000
1.095333	0.000000
1.097333	0.000000
1.099333	0.000000
1.101333	0.000000
1.103333	0.000000
1.105333	0.000000
1.107333	0.000000
1.109333	0.000000
1.111333	0.000000
1.113333	0.000000
1.115333	0.000000
1.117333	0.000000
1.119333	0.000000
1.121333	0.000000
1.123333	0.000000
1.125333	0.000000
1.127333	0.000000
1.129333	0.000000
1.131333	0.000000
1.133333	0.000000
1.135333	0.000000
1.137333	0.000000
1.139333	0.000000
1.141333	0.000000
1.143333	0.000000
1.145333	0.000000
1.147333	0.000000
1.149333	0.000000
1.151333	0.000000
1.153333	0.000000
1.155333	0.000000
1.157333	0.000000
1.159333	0.000000
1.161333	0.000000
1.163333	0.000000
1.165333	0.000000
1.167333	0.000000
1.169333	0.000000
1.171333	0.000000
1.173333	0.000000
1.175333	0.000000
1.177333	0.000000
1.179333	0.000000
1.181333	0.000000
1.183333	0.000000
1.185333	0.000000
1.187333	0.000000
1.189333	0.000000
1.191333	0.000000
1.193333	0.000000
1.195333	0.000000
1.197333	0.000000
1.199333	0.000000
1.201333	0.000000
1.203333	0.000000
1.205333	0.000000
1.207333	0.000000
1.209333	0.000000
1.211333	0.000000
1.213333	0.000000
1.215333	0.000000
1.217333	0.000000
1.219333	0.000000
1.221333	0.000000
1.223333	0.000000
1.225333	0.000000
1.227333	0.000000
1.229333	0.000000
1.231333	0.000000
1.233333	0.000000
1.235333	0.000000
1.237333	0.000000
1.239333	0.000000
1.241333	0.000000
1.243333	0.000000
1.245333	0.000000
1.247333	0.000000
1.249333	0.000000
1.251333	0.000000
1.253333	0.000000
1.255333	0.000000
1.257333	0.000000
1.259333	0.000000
1.261333	0.000000
1.263333	0.000000
1.265333	0.000000
1.267333	0.000000
1.269333	0.000000
1.271333	0.000000
1.273333	0.000000
1.275333	0.000000
1.277333	0.000000
1.279333	0.000000
1.281333	0.000000
1.283333	0.000000
1.285333	0.000000
1.287333	0.000000
1.289333	0.000000
1.291333	0.000000
1.293333	0.000000
1.295333	0.000000
1.297333	0.000000
1.299333	0.000000
1.301333	0.000000
1.303333	0.000000
1.305333	0.000000
1.307333	0.000000
1.309333	0.000000
1.311333	0.000000
1.313333	0.000000
1.315333	0.000000
1.317333	0.000000
1.319333	0.000000
1.321333	0.000000
1.323333	0.000000
1.325333	0.000000
1.327333	0.000000
1.329333	0.000000
1.331333	0.000000
1.333333	0.000000
1.335333	-0.003221
1.337333	0.000694
1.339333	0.000635
1.341333	-0.012017
1.343333	-0.034518
1.345333	-0.051731
1.347333	-0.047594
1.349333	-0.016525
1.351333	0.034792
1.353333	0.092141
1.355333	0.137968
1.357333	0.153660
1.359333	0.125627
1.361333	0.055716
1.363333	-0.035433
1.365333	-0.116682
1.367333	-0.162246
1.369333	-0.163628
1.371333	-0.130100
1.373333	-0.079313
1.375333	-0.027606
1.377333	0.014195
1.379333	0.041227
1.381333	0.053003
1.383333	0.051634
1.385333	0.040744
1.387333	0.025308
1.389333	0.011190
1.391333	0.003046
1.393333	0.001982
1.395333	0.005722
1.397333	0.000000
1.399333	0.000000
1.401333	0.000000
1.403333	0.000000
1.405333	0.000000
1.407333	0.000000
1.409333	0.000000
1.411333	0.000000
1.413333	0.000000
1.415333	0.000000
1.417333	0.000000
1.419333	0.000000
1.421333	0.000000
1.423333	0.000000
1.425333	0.000000
1.427333	0.000000
1.429333	0.000000
1.431333	0.000000
1.433333	0.000000
1.435333	0.000000
1.437333	0.000000
1.439333	0.000000
1.441333	0.000000
1.443333	0.000000
1.445333	0.000000
1.447333	0.000000
1.449333	0.000000
1.451333	0.000000
1.453333	0.000000
1.455333	0.000000
1.457333	0.000000
1.459333	0.000000
1.461333	0.000000
1.463333	0.000000
1.465333	0.000000
1.467333	0.000000
1.469333	0.000000
1.471333	0.000000
1.473333	0.000000
1.475333	0.002220
1.477333	-0.000478
1.479333	-0.000438
1.481333	0.008285
1.483333	0.023797
1.485333	0.035664
1.487333	0.032812
1.489333	0.011392
1.491333	-0.023986
1.493333	-0.063522
1.495333	-0.095116
1.497333	-0.105935
1.499333	-0.086608
1.501333	-0.038411
1.503333	0.024428
1.505333	0.080441
1.507333	0.111854
1.509333	0.112807
1.511333	0.089692
1.513333	0.054679
1.515333	0.019031
1.517333	-0.009786
1.519333	-0.028422
1.521333	-0.036541
1.523333	-0.035597
1.525333	-0.028089
1.527333	-0.017448
1.529333	-0.007715
1.531333	-0.002100
1.533333	-0.001366
1.535333	-0.003945
1.537333	0.000000
1.539333	0.000000
1.541333	0.000000
1.543333	0.000000
1.545333	0.000000
1.547333	0.000000
1.549333	0.000000
1.551333	0.000000
1.553333	0.000000
1.555333	0.000000
1.557333	0.000000
1.559333	0.000000
1.561333	0.000000
1.563333	0.000000
1.565333	0.000000
1.567333	0.000000
1.569333	0.000000
1.571333	0.000000
1.573333	0.000000
1.575333	0.000000
1.577333	0.000000
1.579333	0.000000
1.581333	0.000000
1.583333	0.000000
1.585333	0.000000
1.587333	0.000000
1.589333	0.000000
1.591333	0.000000
1.593333	0.000000
1.595333	0.000000
1.597333	0.000000
1.599333	0.000000
1.601333	0.000000
1.603333	0.000000
1.605333	0.000000
1.607333	0.000000
1.609333	0.000000
1.611333	0.000000
1.613333	0.000000
1.615333	0.000000
1.617333	0.000000
1.619333	0.000000
1.621333	0.000000
1.623333	0.000000
1.625333	0.000000
1.627333	0.000000
1.629333	0.000000
1.631333	0.000000
1.633333	0.000000
1.635333	0.000000
1.637333	0.000000
1.639333	0.000000
1.641333	0.000000
1.643333	0.000000
1.645333	0.000000
1.647333	0.000000
1.649333	0.000000
1.651333	0.000000
1.653333	0.000000
1.655333	0.000000
1.657333	0.000000
1.659333	0.000000
1.661333	0.000000
1.663333	0.000000
1.665333	0.000000
1.667333	0.000000
1.669333	0.000000
1.671333	0.000000
1.673333	0.000000
1.675333	0.000000
1.677333	0.000000
1.679333	0.000000
1.681333	0.000000
1.683333	0.000000
1.685333	0.000000
1.687333	0.000000
1.689333	0.000000
1.691333	0.000000
1.693333	0.000000
1.695333	0.000000
1.697333	0.000000
1.699333	0.000000
1.701333	0.000000
1.703333	0.000000
1.705333	0.000000
1.707333	0.000000
1.709333	0.000000
1.711333	0.000000
1.713333	0.000000
1.715333	0.000000
1.717333	0.000000
1.719333	0.000000
1.721333	0.000000
1.723333	0.000000
1.725333	0.000000
1.727333	0.000000
1.729333	0.000000
1.731333	0.000000
1.733333	0.000000
1.735333	0.000000
1.737333	0.000000
1.739333	0.000000
1.741333	0.000000
1.743333	0.000000
1.745333	0.000000
1.747333	0.000000
1.749333	0.000000
1.751333	0.000000
1.753333	0.000000
1.755333	0.000000
1.757333	0.000000
1.759333	0.000000
1.761333	0.000000
1.763333	0.000000
1.765333	0.000000
1.767333	0.000000
1.769333	0.000000
1.771333	0.000000
1.773333	0.000000
1.775333	0.000000
1.777333	0.000000
1.779333	0.000000
1.781333	0.000000
1.783333	0.000000
1.785333	0.000000
1.787333	0.000000
1.789333	0.000000
1.791333	0.000000
1.793333	0.000000
1.795333	0.000000
1.797333	0.000000
1.799333	0.000000
1.801333	0.000000
1.803333	0.000000
1.805333	0.000000
1.807333	0.000000
1.809333	0.000000
1.811333	0.000000
1.813333	0.000000
1.815333	0.000000
1.817333	0.000000
1.819333	0.000000
1.821333	0.000000
1.823333	0.000000
1.825333	0.000000
1.827333	0.000000
1.829333	0.000000
1.831333	0.000000
1.833333	0.000000
1.835333	0.000000
1.837333	0.000000
1.839333	0.000000
1.841333	0.000000
1.843333	0.000000
1.845333	0.000000
1.847333	0.000000
1.849333	0.000000
1.851333	0.000000
1.853333	0.000000
1.855333	0.000000
1.857333	0.000000
1.859333	0.000000
1.861333	0.000000
1.863333	0.000000
1.865333	0.000000
1.867333	0.000000
1.869333	0.000000
1.871333	0.000000
1.873333	0.000000
1.875333	0.000000
1.877333	0.000000
1.879333	0.000000
1.881333	0.000000
1.883333	0.000000
1.885333	0.000000
1.887333	0.000000
1.889333	0.000000
1.891333	0.000000
1.893333	0.000000
1.895333	0.000000
1.897333	0.000000
1.899333	0.000000
1.901333	0.000000
1.903333	0.000000
1.905333	0.000000
1.907333	0.000000
1.909333	0.000000
1.911333	0.000000
1.913333	0.000000
1.915333	0.000000
1.917333	0.000000
1.919333	0.000000
1.921333	0.000000
1.923333	0.000000
1.925333	0.000000
1.927333	0.000000
1.929333	0.000000
1.931333	0.000000
1.933333	0.000000
1.935333	0.000000
1.937333	0.000000
1.939333	0.000000
1.941333	0.000000
1.943333	0.000000
1.945333	0.000000
1.947333	0.000000
1.949333	0.000000
1.951333	0.000000
1.953333	0.000000
1.955333	0.000000
1.957333	0.000000
1.959333	0.000000
1.961333	0.000000
1.963333	0.000000
1.965333	0.000000
1.967333	0.000000
1.969333	0.000000
1.971333	0.000000
1.973333	0.000000
1.975333	0.000000
1.977333	0.000000
1.979333	0.000000
1.981333	0.000000
1.983333	0.000000
1.985333	0.000000
1.987333	0.000000
1.989333	0.000000
1.991333	0.000000
1.993333	0.000000
1.995333	0.000000
1.997333	0.000000
1.999333	0.000000
2.001333	0.000000
2.003333	0.000000
2.005333	0.000000
2.007334	0.000000
2.009333	0.000000
2.011333	0.000000
2.013333	0.000000
2.015333	0.000000
2.017334	0.000000
2.019333	0.000000
2.021333	0.000000
2.023333	0.000000
2.025333	0.000000
2.027333	0.000000
2.029333	0.000000
2.031333	0.000000
2.033334	0.000000
2.035333	0.000000
2.037333	0.000000
2.039333	0.000000
2.041333	0.000000
2.043334	0.000000
2.045333	0.000000
2.047333	0.000000
2.049333	0.000000
2.051333	0.000000
2.053334	0.000000
2.055333	0.000000
2.057333	0.000000
2.059333	0.000000
2.061333	0.000000
2.063334	0.000000
2.065333	0.000000
2.067333	0.000000
2.069333	0.000000
2.071333	0.000000
2.073334	0.000000
2.075333	0.000000
2.077333	0.000000
2.079334	0.000000
2.081333	0.000000
2.083333	0.000000
2.085333	0.000000
2.087333	0.000000
2.089334	0.000000
2.091333	0.000000
2.093333	0.000000
2.095333	0.000000
2.097333	0.000000
2.099334	0.000000
2.101333	0.000000
2.103333	0.000000
2.105333	0.000000
2.107333	0.000000
2.109334	0.000000
2.111333	0.000000
2.113333	0.000000
2.115333	0.000000
2.117333	0.000000
2.119334	0.000000
2.121333	0.000000
2.123333	0.000000
2.125334	0.000000
2.127333	0.000000
2.129333	0.000000
2.131333	0.000000
2.133333	0.000000
2.135334	0.000000
2.137333	0.000000
2.139333	0.000000
2.141333	0.000000
2.143333	0.000000
2.145334	0.000000
2.147333	0.000000
2.149333	0.000000
2.151333	0.000000
2.153333	0.000000
2.155334	0.000000
2.157333	0.000000
2.159333	0.000000
2.161333	0.000000
2.163333	0.000000
2.165334	0.000000
2.167333	0.000000
2.169333	0.000000
2.171334	0.000000
2.173333	0.000000
2.175333	0.000000
2.177333	0.000000
2.179333	0.000000
2.181334	0.000000
2.183333	0.000000
2.185333	0.000000
2.187333	0.000000
2.189333	0.000000
2.191334	0.000000
2.193333	0.000000
2.195333	0.000000
2.197333	0.000000
2.199333	0.000000
2.201334	0.000000
2.203333	0.000000
2.205333	0.000000
2.207333	0.000000
2.209333	0.000000
2.211334	0.000000
2.213333	0.000000
2.215333	0.000000
2.217334	0.000000
2.219333	0.000000
2.221334	0.000000
2.223333	0.000000
2.225333	0.000000
2.227334	0.000000
2.229333	0.000000
2.231333	0.000000
2.233333	0.000000
2.235333	0.000000
2.237334	0.000000
2.239333	0.000000
2.241333	0.000000
2.243333	0.000000
2.245333	0.000000
2.247334	0.000000
2.249333	0.000000
2.251333	0.000000
2.253333	0.000000
2.255333	0.000000
2.257334	0.000000
2.259333	0.000000
2.261333	0.000000
2.263334	0.000000
2.265333	0.000000
2.267334	0.000000
2.269333	0.000000
2.271333	0.000000
2.273334	0.000000
2.275333	0.000000
2.277333	0.000000
2.279333	0.000000
2.281333	0.000000
2.283334	0.000000
2.285333	0.000000
2.287333	0.000000
2.289333	0.000000
2.291333	0.000000
2.293334	0.000000
2.295333	0.000000
2.297333	0.000000
2.299333	0.000000
2.301333	0.000000
2.303334	0.000000
2.305333	0.000000
2.307333	0.000000
2.309333	0.000000
2.311333	0.000000
2.313334	0.000000
2.315333	0.000000
2.317333	0.000000
2.319334	0.000000
2.321333	0.000000
2.323334	0.000000
2.325333	0.000000
2.327333	0.000000
2.329334	0.000000
2.331333	0.000000
2.333333	0.000000
2.335333	0.000000
2.337333	0.000000
2.339334	0.000000
2.341333	0.000000
2.343333	0.000000
2.345333	0.000000
2.347333	0.000000
2.349334	0.000000
2.351333	0.000000
2.353333	0.000000
2.355333	0.000000
2.357333	0.000000
2.359334	0.000000
2.361333	0.000000
2.363333	0.000000
2.365334	0.000000
2.367333	0.000000
2.369334	0.000000
2.371333	0.000000
2.373333	0.000000
2.375334	0.000000
2.377333	0.000000
2.379333	0.000000
2.381333	0.000000
2.383333	0.000000
2.385334	0.000000
2.387333	0.000000
2.389333	0.000000
2.391333	0.000000
2.393333	0.000000
2.395334	0.000000
2.397333	0.000000
2.399333	0.000000
2.401333	0.000000
2.403333	0.000000
2.405334	0.000000
2.407333	0.000000
2.409333	0.000000
2.411334	0.000000
2.413333	0.000000
2.415334	0.000000
2.417333	0.000000
2.419333	0.000000
2.421334	0.000000
2.423333	0.000000
2.425333	0.000000
2.427333	0.000000
2.429333	0.000000
2.431334	0.000000
2.433333	0.000000
2.435333	0.000000
2.437333	0.000000
2.439333	0.000000
2.441334	0.000000
2.443333	0.000000
2.445333	0.000000
2.447333	0.000000
2.449333	0.000000
2.451334	0.000000
2.453333	0.000000
2.455333	0.000000
2.457334	0.000000
2.459333	0.000000
2.461334	0.000000
2.463333	0.000000
2.465333	0.000000
2.467334	0.000000
2.469333	0.000000
2.471334	0.000000
2.473333	0.000000
2.475333	0.000000
2.477334	0.000000
2.479333	0.000000
2.481333	0.000000
2.483333	0.000000
2.485333	0.000000
2.487334	0.000000
2.489333	0.000000
2.491333	0.000000
2.493333	0.000000
2.495333	0.000000
2.497334	0.000000
2.499333	0.000000
2.501333	0.000000
2.503334	0.000000
2.505333	0.000000
2.507334	0.000000
2.509333	0.000000
2.511333	0.000000
2.513334	0.000000
2.515333	0.000000
2.517334	0.000000
2.519333	0.000000
2.521333	0.000000
2.523334	0.000000
2.525333	0.000000
2.527333	0.000000
2.529333	0.000000
2.531333	0.000000
2.533334	0.000000
2.535333	0.000000
2.537333	0.000000
2.539333	0.000000
2.541333	0.000000
2.543334	0.000000
2.545333	0.000000
2.547333	0.000000
2.549334	0.000000
2.551333	0.000000
2.553334	0.000000
2.555333	0.000000
2.557333	0.000000
2.559334	0.000000
2.561333	0.000000
2.563334	0.000000
2.565333	0.000000
2.567333	0.000000
2.569334	0.000000
2.571333	0.000000
2.573334	0.000000
2.575333	0.000000
2.577333	0.000000
2.579334	0.000000
2.581333	0.000000
2.583333	0.000000
2.585333	0.000000
2.587333	0.000000
2.589334	0.000000
2.591333	0.000000
2.593333	0.000000
2.595333	0.000000
2.597333	0.000000
2.599334	0.000000
2.601333	0.000000
2.603333	0.000000
2.605334	0.000000
2.607333	0.000000
2.609334	0.000000
2.611333	0.000000
2.613333	0.000000
2.615334	0.000000
2.617333	0.000000
